0.856804 0.515635 0.0025888 -0.000548146 0.515636 -0.85676 -0.00900186 -0.000512312 -0.0024237 0.00904771 -0.999956 6.29301e-05
0.857107 0.51513 0.00289983 -0.230753 0.515132 -0.857111 0.000135643 0.427634 0.00255535 0.00137753 -0.999996 0.00059493
0.857692 0.514153 -0.00317903 -0.479076 0.514123 -0.857686 -0.00725373 0.869539 -0.00645614 0.00458705 -0.999969 -0.018219
0.858378 0.512825 0.0140594 -0.723976 0.512903 -0.858444 -0.00233658 1.31221 0.010871 0.00921678 -0.999898 -0.0281204
0.855922 0.517064 0.00657406 -0.970811 0.517084 -0.855933 -0.00163341 1.74891 0.00478238 0.00479741 -0.999977 -0.0364604
0.855305 0.518124 0.00102765 -1.22905 0.518125 -0.855304 -0.00123161 2.2089 0.000240831 0.00158585 -0.999999 -0.0512385
0.857111 0.515129 -0.00183769 -1.47039 0.515117 -0.857107 -0.00472809 2.64837 -0.00401068 0.00310587 -0.999987 -0.0608812
0.85895 0.512051 0.00290879 -1.71465 0.51206 -0.858935 -0.0051273 3.09364 -0.000126982 0.00589356 -0.999983 -0.0697158
0.860147 0.510012 0.00599011 -1.96074 0.51004 -0.860135 -0.00513834 3.54248 0.00253169 0.00747492 -0.999969 -0.0800727
0.86206 0.506733 0.00862823 -2.20822 0.506785 -0.862055 -0.0055592 3.9978 0.00462098 0.00916502 -0.999947 -0.0897058
0.86361 0.504157 0.00197331 -2.45202 0.504144 -0.863606 0.00479952 4.44955 0.00412387 -0.00315008 -0.999987 -0.102487
0.865704 0.500549 0.002818 -2.69081 0.500555 -0.865703 -0.00177776 4.89836 0.0015497 0.00294958 -0.999994 -0.112549
0.865989 0.500061 -0.0016385 -2.93078 0.500028 -0.865961 -0.00909539 5.34016 -0.00596713 0.00705721 -0.999957 -0.120519
0.866862 0.498526 0.00471837 -3.1747 0.498548 -0.866828 -0.00765275 5.79346 0.000274923 0.00898621 -0.99996 -0.131026
0.867019 0.498126 0.0121742 -3.41409 0.498152 -0.867089 0.00103933 6.24023 0.0110738 0.00516346 -0.999925 -0.142087
0.867597 0.497215 0.00725096 -3.64911 0.497179 -0.867626 0.00624544 6.69598 0.00939644 -0.0018135 -0.999954 -0.157349
0.865626 0.500685 -0.00234371 -3.89995 0.500643 -0.865599 -0.00979382 7.16787 -0.00693233 0.00730443 -0.999949 -0.1652
0.865983 0.50007 -0.00183677 -4.13685 0.499997 -0.86591 -0.014254 7.61163 -0.00871847 0.0114253 -0.999897 -0.174416
0.86335 0.504527 0.00888478 -4.37675 0.504579 -0.863351 -0.00507478 8.06 0.00511032 0.00886439 -0.999948 -0.185019
0.866344 0.499285 0.0127411 -4.62228 0.499303 -0.866425 0.00196983 8.51776 0.0120228 0.00465513 -0.999917 -0.199259
0.864612 0.502435 0.00218029 -4.86155 0.502439 -0.864593 -0.00581642 8.96803 -0.0010373 0.00612441 -0.999981 -0.213159
0.865909 0.500201 -0.00127271 -5.09948 0.500176 -0.865887 -0.0080063 9.41654 -0.00510678 0.00629614 -0.999967 -0.225964
0.865224 0.501364 -0.00473141 -5.33642 0.501309 -0.865218 -0.009399 9.85764 -0.00880601 0.00576034 -0.999945 -0.236895
0.86629 0.499478 0.00789822 -5.57643 0.499535 -0.866247 -0.00900458 10.3098 0.00234422 0.011746 -0.999928 -0.246895
0.86622 0.499331 0.0182059 -5.81886 0.499408 -0.866367 0.000336437 10.7602 0.015941 0.00880077 -0.999834 -0.258821
0.866448 0.499043 0.014957 -6.06204 0.498974 -0.866577 0.00832136 11.2173 0.0171141 0.000253135 -0.999854 -0.271368
0.869509 0.493905 -0.0034809 -6.29929 0.493908 -0.869514 -4.56523e-06 11.6718 -0.00302895 -0.00171528 -0.999994 -0.279898
0.867847 0.496798 -0.00572337 -6.53422 0.496769 -0.867864 -0.005761 12.12 -0.00782915 0.00215648 -0.999967 -0.293882
0.873899 0.485352 0.0270811 -6.72135 0.48552 -0.874225 0.000414653 12.4567 0.0238762 0.012786 -0.999633 -0.296947
0.873441 0.486475 0.0210278 -6.97354 0.486565 -0.873644 0.000979121 12.9494 0.0188471 0.00937616 -0.999778 -0.309507
0.874309 0.485351 0.00421046 -7.19603 0.485331 -0.874316 0.00500076 13.4 0.0061084 -0.00232874 -0.999979 -0.320914
0.875016 0.484072 0.00455086 -7.42734 0.484057 -0.875027 0.00406588 13.8484 0.0059503 -0.00135484 -0.999981 -0.330639
0.876888 0.480673 0.00453063 -7.66803 0.480687 -0.876889 -0.00242607 14.3283 0.00280672 0.00430521 -0.999987 -0.341812
0.877446 0.479636 0.00616586 -7.9018 0.479675 -0.877401 -0.00891902 14.7945 0.00113205 0.0107836 -0.999941 -0.351306
0.877941 0.478642 0.0110583 -8.13417 0.478741 -0.877907 -0.00929342 15.2533 0.00525992 0.0134531 -0.999896 -0.361447
0.878574 0.477491 0.0104746 -8.36318 0.477552 -0.878593 -0.00426869 15.7076 0.00716469 0.00875255 -0.999936 -0.369569
0.879146 0.476336 0.0144011 -8.60003 0.476352 -0.879251 0.00250357 16.1804 0.0138547 0.00465897 -0.999893 -0.379077
0.879689 0.475236 0.0172837 -8.83014 0.475138 -0.879859 0.00965505 16.6397 0.0197956 -0.000281312 -0.999804 -0.387667
0.880658 0.473462 0.0166131 -9.05805 0.473379 -0.880814 0.0088613 17.1027 0.0188285 6.04964e-05 -0.999823 -0.396103
0.881959 0.471007 0.0173382 -9.28741 0.470913 -0.882129 0.00942476 17.5725 0.0197336 -0.000147482 -0.999805 -0.404726
0.883295 0.468708 0.0101374 -9.5104 0.468705 -0.88335 0.00273571 18.0305 0.0102371 0.00233501 -0.999945 -0.412188
0.883805 0.467809 0.00663124 -9.73805 0.467819 -0.883825 0.00013603 18.5082 0.00592449 0.00298199 -0.999978 -0.420423
0.883627 0.468144 0.00674428 -9.96199 0.468168 -0.883636 -0.00250822 18.9713 0.00478529 0.00537378 -0.999974 -0.428266
0.884906 0.465693 0.00845633 -10.1814 0.465708 -0.884938 0.000266928 19.4252 0.00760763 0.00370197 -0.999964 -0.437617
0.884745 0.465894 0.0130329 -10.4073 0.465885 -0.884837 0.0038566 19.8785 0.0133288 0.00265975 -0.999908 -0.448414
0.886374 0.46254 0.0199245 -10.629 0.462526 -0.886588 0.00558732 20.3352 0.0202492 0.00426314 -0.999786 -0.458297
0.886973 0.461255 0.0228637 -10.8485 0.461245 -0.887252 0.00604829 20.7947 0.0230757 0.00518112 -0.99972 -0.469663
0.88688 0.461399 0.0235577 -11.0753 0.461317 -0.887188 0.00914807 21.2661 0.025121 0.00275433 -0.999681 -0.47979
0.886961 0.461423 0.0197336 -11.2879 0.461482 -0.887148 0.00169506 21.72 0.0182888 0.00760327 -0.999804 -0.487139
0.88888 0.457792 0.0178702 -11.5101 0.457877 -0.889015 -0.000753554 22.1887 0.0155419 0.00885215 -0.99984 -0.49495
0.88818 0.459342 0.0119029 -11.7255 0.459357 -0.88825 0.00165034 22.6459 0.0113308 0.00400188 -0.999928 -0.503987
0.890062 0.455683 0.0119361 -11.946 0.455621 -0.890141 0.00764828 23.1065 0.01411 -0.0013691 -0.9999 -0.514626
0.890675 0.454307 0.0174145 -12.1582 0.454241 -0.890845 0.00781439 23.5662 0.0190638 0.000950296 -0.999818 -0.522917
0.890234 0.45487 0.023994 -12.3742 0.454825 -0.890548 0.00764245 24.0215 0.0248442 0.00410952 -0.999683 -0.532143
0.891129 0.45259 0.0324328 -12.5943 0.452633 -0.891674 0.00641462 24.4876 0.0318227 0.00896392 -0.999453 -0.54095
0.891589 0.451906 0.0291635 -12.8035 0.452019 -0.892003 0.00296509 24.9415 0.0273538 0.0105388 -0.99957 -0.547829
0.893046 0.449203 0.0261929 -13.0188 0.449211 -0.893406 0.0058971 25.4061 0.0260499 0.00649977 -0.99964 -0.556852
0.8929 0.450166 0.00900279 -13.2278 0.450127 -0.892944 0.00605903 25.8737 0.0107666 -0.00135771 -0.999941 -0.566923
0.885971 0.463622 0.0104587 -13.4503 0.463601 -0.886033 0.0045319 26.3501 0.0113678 0.000833517 -0.999935 -0.576165
0.862723 0.505392 0.0169729 -13.5687 0.505475 -0.862841 -0.000697721 26.5688 0.0142923 0.00918133 -0.999856 -0.582718
0.847898 0.529284 0.0304687 -13.8308 0.529319 -0.848389 0.00755821 27.0133 0.0298498 0.0097191 -0.999507 -0.593496
0.845962 0.531928 0.0374153 -14.0874 0.531721 -0.846766 0.0161157 27.4453 0.0402545 0.00626122 -0.99917 -0.606203
0.843895 0.535123 0.0385284 -14.3464 0.535148 -0.844693 0.0105233 27.8927 0.0381759 0.0117378 -0.999202 -0.617438
0.839912 0.541147 0.0413289 -14.6042 0.541267 -0.8408 0.00920089 28.3249 0.0397284 0.0146421 -0.999103 -0.627702
0.837812 0.544928 0.0335271 -14.8646 0.545035 -0.838387 0.00666852 28.768 0.0317425 0.0126865 -0.999416 -0.640267
0.836335 0.547341 0.0310111 -15.1348 0.547399 -0.83684 0.00734351 29.2137 0.0299707 0.0108338 -0.999492 -0.649806
0.833184 0.552149 0.0305893 -15.4005 0.552149 -0.833694 0.00920097 29.6503 0.0305824 0.00922374 -0.99949 -0.664342
0.832855 0.552499 0.0331393 -15.6789 0.552431 -0.833472 0.0119938 30.0985 0.0342473 0.0083181 -0.999379 -0.674372
0.831008 0.555295 0.0327572 -15.9439 0.555273 -0.8316 0.0106045 30.5291 0.0331295 0.00937678 -0.999407 -0.687399
0.828373 0.559232 0.0325284 -16.2151 0.559083 -0.828987 0.0143467 30.9641 0.0349887 0.00630167 -0.999368 -0.700554
0.841395 0.53927 0.0352496 -16.4767 0.539135 -0.842102 0.014056 31.404 0.0372637 0.00717759 -0.99928 -0.712664
0.842607 0.537937 0.0252263 -16.7343 0.537906 -0.842961 0.00858692 31.8481 0.025884 0.00633396 -0.999645 -0.725893
0.84177 0.539426 0.021066 -16.988 0.539519 -0.841972 0.00145232 32.2804 0.0185204 0.010143 -0.999777 -0.741781
0.841321 0.540098 0.0217309 -17.2573 0.540207 -0.841532 0.00104247 32.7371 0.0188503 0.0108621 -0.999763 -0.754752
0.842131 0.538828 0.0219137 -17.5143 0.538924 -0.842353 0.00176424 33.1674 0.0194097 0.0103241 -0.999758 -0.765134
0.840814 0.54077 0.0244954 -17.7852 0.540695 -0.841157 0.0101792 33.6185 0.0261091 0.00468574 -0.999648 -0.777227
0.840494 0.541004 0.0297354 -18.0461 0.540909 -0.840998 0.011858 34.0565 0.0314226 0.00611755 -0.999487 -0.786825
0.839682 0.542318 0.0287289 -18.3156 0.542144 -0.840165 0.0142241 34.5105 0.031851 0.00363143 -0.999486 -0.79859
0.858942 0.510081 0.045115 -18.4127 0.510179 -0.860008 0.0101916 34.6762 0.0439978 0.0142627 -0.99893 -0.801187
0.888029 0.458866 0.0291018 -18.4031 0.458763 -0.888496 0.0105192 34.6589 0.0306837 0.00400949 -0.999521 -0.79972
0.911067 0.410835 0.0342198 -18.3878 0.410789 -0.911689 0.00867833 34.6389 0.0347632 0.00615057 -0.999377 -0.803167
0.930417 0.365154 0.0314094 -18.3778 0.365071 -0.93094 0.00853964 34.6207 0.0323586 0.00352126 -0.99947 -0.803747
0.96055 0.277667 0.0156665 -18.3789 0.277626 -0.960677 0.0047593 34.6098 0.016372 -0.000222114 -0.999866 -0.81038
0.974304 0.223964 0.0238915 -18.3743 0.223783 -0.974587 0.0100378 34.5885 0.0255324 -0.00443337 -0.999664 -0.815797
0.986337 0.159335 0.0418503 -18.3737 0.159195 -0.987225 0.00667751 34.5742 0.0423797 7.60974e-05 -0.999102 -0.814551
0.995015 0.0931809 0.0355305 -18.3695 0.0931213 -0.995649 0.00333362 34.5621 0.0356866 -8.34883e-06 -0.999363 -0.816564
0.999333 0.0259775 0.0256702 -18.3747 0.0258152 -0.999645 0.00663551 34.5601 0.0258334 -0.0059684 -0.999648 -0.810724
0.998675 -0.0441482 0.026457 -18.3664 -0.0443721 -0.998984 0.00793639 34.5631 0.0260797 -0.00909982 -0.999618 -0.836911
0.994913 -0.0898259 0.0455906 -18.3758 -0.0900333 -0.995936 0.00251368 34.5386 0.0451795 -0.00660556 -0.998957 -0.820381
0.987451 -0.152942 0.0393513 -18.3761 -0.152976 -0.988228 -0.00215098 34.5259 0.039217 -0.00389583 -0.999223 -0.823447
0.975654 -0.216344 0.0359722 -18.3813 -0.216445 -0.976294 -0.00109401 34.5253 0.0353561 -0.00671864 -0.999352 -0.820514
0.957265 -0.287496 0.0314748 -18.3865 -0.287787 -0.957681 0.00504076 34.523 0.0286936 -0.0138834 -0.999492 -0.820323
0.938825 -0.342123 0.0394962 -18.4039 -0.342586 -0.939471 0.0054121 34.5149 0.0352539 -0.0186119 -0.999205 -0.82298
0.913664 -0.403592 0.0482812 -18.4139 -0.404087 -0.91472 0.000548494 34.501 0.0439424 -0.0200109 -0.998834 -0.821279
0.873327 -0.485366 0.0414673 -18.421 -0.48594 -0.873981 0.0044406 34.4989 0.0340863 -0.0240287 -0.99913 -0.816946
0.830312 -0.555967 0.0384996 -18.426 -0.55665 -0.830697 0.00915856 34.5048 0.0268897 -0.0290353 -0.999217 -0.819835
0.79243 -0.608458 0.0428264 -18.4315 -0.609344 -0.792834 0.0106529 34.5069 0.0274723 -0.0345377 -0.999026 -0.820653
0.749557 -0.659703 0.0543705 -18.4453 -0.660341 -0.750926 -0.00781106 34.4996 0.0459812 -0.0300482 -0.99849 -0.817497
0.67466 -0.736836 0.0436672 -18.4561 -0.737631 -0.675196 0.00323311 34.4984 0.0271016 -0.0343915 -0.999041 -0.811511
0.610684 -0.790975 0.0377291 -18.4685 -0.791705 -0.610846 0.00842932 34.5004 0.0163793 -0.035018 -0.999252 -0.817382
0.54846 -0.834912 0.0459804 -18.4874 -0.835916 -0.548832 0.00522032 34.5062 0.020877 -0.0412989 -0.998929 -0.812555
0.525443 -0.849542 0.046774 -18.0814 -0.850541 -0.5259 0.00291844 34.7318 0.0221191 -0.0413167 -0.998901 -0.800462
0.51754 -0.854876 0.0365996 -17.6419 -0.8554 -0.517962 -0.00244521 34.9799 0.0210475 -0.0300418 -0.999327 -0.784518
0.5214 -0.852347 0.0405884 -17.2048 -0.852862 -0.52208 -0.00766948 35.2262 0.0277274 -0.0306174 -0.999147 -0.767855
0.514879 -0.855927 0.0478306 -16.7569 -0.856759 -0.515688 -0.00552056 35.4791 0.0293909 -0.0381369 -0.99884 -0.75421
0.504691 -0.861443 0.0565907 -16.3079 -0.86266 -0.505756 -0.00536859 35.7293 0.0332458 -0.046109 -0.998383 -0.741594
0.464118 -0.884033 0.0555039 -16.0213 -0.885141 -0.465243 -0.00864338 35.8826 0.0334638 -0.0451172 -0.998421 -0.728933
0.45226 -0.890491 0.0498791 -15.5456 -0.891313 -0.453266 -0.0105084 36.1114 0.0319661 -0.0397054 -0.9987 -0.712747
0.472423 -0.880613 0.0365727 -15.1102 -0.881307 -0.472484 0.00749296 36.3118 0.0106816 -0.0357716 -0.999303 -0.699233
0.477681 -0.877387 0.0448665 -14.6566 -0.878205 -0.478276 -0.00292859 36.54 0.0240281 -0.038003 -0.998989 -0.682787
0.480483 -0.875028 0.058842 -14.1933 -0.876026 -0.482033 -0.0148972 36.7808 0.0413992 -0.0443893 -0.998156 -0.669377
0.477144 -0.876691 0.0612095 -13.7463 -0.877648 -0.478952 -0.0184235 37.0076 0.0454681 -0.0449297 -0.997955 -0.652561
0.473326 -0.878814 0.0604023 -13.2835 -0.879903 -0.474925 -0.0147342 37.2357 0.0416352 -0.046174 -0.998065 -0.636579
0.471513 -0.879918 0.0584734 -12.8254 -0.880975 -0.472972 -0.0134315 37.4622 0.0394749 -0.0451805 -0.998199 -0.619668
0.473008 -0.87964 0.0499672 -12.356 -0.880503 -0.473963 -0.0086345 37.6932 0.0312778 -0.039912 -0.998714 -0.602713
0.478506 -0.87674 0.0485694 -11.9035 -0.87768 -0.479231 -0.00382747 37.9185 0.0266317 -0.0407969 -0.998812 -0.587957
0.471689 -0.87917 0.067594 -11.4562 -0.880415 -0.473822 -0.0190547 38.1486 0.0487799 -0.0505228 -0.997531 -0.575844
0.477037 -0.876302 0.0673135 -10.9933 -0.877124 -0.479527 -0.0265844 38.3749 0.0555746 -0.0463605 -0.997378 -0.560011
0.522567 -0.850773 0.055763 -10.8797 -0.851009 -0.524468 -0.0267767 38.433 0.0520268 -0.0334622 -0.998085 -0.553158
0.526833 -0.847775 0.0610326 -10.4239 -0.848477 -0.528803 -0.0212948 38.6944 0.0503274 -0.040566 -0.997909 -0.539827
0.528975 -0.846208 0.0641694 -9.97194 -0.847549 -0.530612 -0.010536 38.9502 0.0429647 -0.0488134 -0.997883 -0.523452
0.531755 -0.844831 0.0591273 -9.53554 -0.845999 -0.533111 -0.00886762 39.2011 0.0390131 -0.0453062 -0.998211 -0.50901
0.537607 -0.841179 0.0582767 -9.10429 -0.842214 -0.539031 -0.0110215 39.4542 0.040684 -0.0431562 -0.99824 -0.493138
0.536603 -0.841376 0.0643712 -8.66753 -0.842713 -0.538261 -0.0105284 39.7149 0.0435068 -0.0485969 -0.99787 -0.479037
0.535693 -0.841955 0.0643823 -8.22213 -0.842685 -0.537916 -0.0229907 39.9808 0.0539893 -0.041938 -0.99766 -0.459291
0.53719 -0.841029 0.0640053 -7.77143 -0.841765 -0.539374 -0.0225303 40.2491 0.0534714 -0.0417743 -0.997695 -0.442445
0.536252 -0.841732 0.0626163 -7.32434 -0.842448 -0.538334 -0.0218483 40.5157 0.0520989 -0.0410348 -0.997799 -0.425582
0.542002 -0.838021 0.0628951 -6.89548 -0.838951 -0.543923 -0.0175814 40.7724 0.0489436 -0.0432367 -0.997865 -0.410618
0.54117 -0.83851 0.0635303 -6.44917 -0.83949 -0.543104 -0.0171832 41.0419 0.0489119 -0.044034 -0.997832 -0.398277
0.539002 -0.840143 0.0603018 -5.99386 -0.84117 -0.540609 -0.0132096 41.3128 0.0436977 -0.0436041 -0.998093 -0.384446
0.542104 -0.838077 0.0612326 -5.55436 -0.839202 -0.543693 -0.0117835 41.5754 0.0431672 -0.0449986 -0.998054 -0.368131
0.54294 -0.837275 0.0647027 -5.7151 -0.838188 -0.545034 -0.0194427 41.4794 0.0515441 -0.0436768 -0.997715 -0.374879
0.545067 -0.835712 0.0669908 -6.1597 -0.83688 -0.547141 -0.0163657 41.2129 0.0503304 -0.0471429 -0.997619 -0.393454
0.54273 -0.836586 0.0746167 -6.59862 -0.837863 -0.545462 -0.021347 40.951 0.0585592 -0.0509329 -0.996984 -0.410616
0.498116 -0.863872 0.0748673 -6.72614 -0.864546 -0.501424 -0.0336774 40.8774 0.0666332 -0.047951 -0.996625 -0.406767
0.455762 -0.887643 0.0661102 -6.89599 -0.888432 -0.458198 -0.0272576 40.7874 0.0544866 -0.0463114 -0.99744 -0.413615
0.396439 -0.916121 0.0596471 -7.09579 -0.917145 -0.398108 -0.0188381 40.6988 0.041004 -0.0472369 -0.998042 -0.416727
0.32935 -0.942316 0.0597459 -7.24016 -0.943506 -0.330884 -0.0176412 40.6476 0.0363926 -0.0505605 -0.998058 -0.421059
0.251079 -0.96593 0.0627631 -7.30671 -0.967569 -0.252305 -0.0123211 40.6395 0.0277368 -0.0576341 -0.997952 -0.426714
0.206161 -0.976202 0.0672918 -7.4189 -0.978077 -0.207645 -0.0157864 40.6255 0.0293835 -0.0625621 -0.997608 -0.433743
0.152024 -0.986228 0.0651459 -7.55074 -0.98764 -0.154125 -0.0285093 40.6087 0.0381573 -0.0600066 -0.997468 -0.436526
0.0907981 -0.993883 0.0628598 -7.65706 -0.995333 -0.0926394 -0.0270184 40.599 0.0326765 -0.0601132 -0.997657 -0.439718
0.0233227 -0.997617 0.0649317 -7.70641 -0.999642 -0.0241251 -0.0116013 40.5988 0.0131402 -0.0646378 -0.997822 -0.438603
-0.045584 -0.996452 0.0707477 -7.77739 -0.998871 0.0445174 -0.0165815 40.6112 0.0133732 -0.0714236 -0.997356 -0.450188
-0.0832266 -0.99484 0.0580191 -8.12591 -0.995821 0.0808297 -0.0425068 40.6513 0.0375978 -0.0613144 -0.99741 -0.467776
-0.150702 -0.987104 0.0539952 -8.20174 -0.987902 0.148353 -0.0451805 40.665 0.0365875 -0.0601508 -0.997519 -0.464438
-0.214638 -0.975042 0.0567813 -8.27256 -0.976474 0.212994 -0.0336426 40.686 0.0207088 -0.0626665 -0.99782 -0.466158
-0.267667 -0.961245 0.0660473 -8.3139 -0.96351 0.266908 -0.0202223 40.7081 0.00181003 -0.06905 -0.997612 -0.472271
-0.325022 -0.943557 0.0637216 -8.43552 -0.945701 0.324052 -0.0253004 40.762 0.0032232 -0.0684848 -0.997647 -0.481856
-0.39611 -0.916245 0.0599328 -8.53907 -0.918182 0.394813 -0.0326318 40.8081 0.00623648 -0.067955 -0.997669 -0.485517
-0.468097 -0.881409 0.0632809 -8.62364 -0.883668 0.46722 -0.0289196 40.864 -0.00407615 -0.0694565 -0.997577 -0.490883
-0.533451 -0.842791 0.071645 -8.66231 -0.845502 0.53369 -0.0173782 40.8941 -0.0235901 -0.0698464 -0.997279 -0.492737
-0.58379 -0.808002 0.0795076 -8.70912 -0.81148 0.583848 -0.0249507 40.9477 -0.0262601 -0.0790848 -0.996522 -0.499079
-0.627897 -0.77582 0.062038 -8.81373 -0.778244 0.626782 -0.03848 41.0436 -0.00903069 -0.0724421 -0.997332 -0.503559
-0.677192 -0.732906 0.0652712 -8.90857 -0.735628 0.676314 -0.0380976 41.1256 -0.0162218 -0.0738148 -0.99714 -0.505298
-0.745655 -0.662663 0.0698271 -8.98989 -0.665721 0.745355 -0.0355034 41.211 -0.0285192 -0.0729587 -0.996927 -0.507135
-0.78806 -0.611658 0.0695377 -9.02016 -0.614736 0.787896 -0.0363299 41.2523 -0.032567 -0.0713775 -0.996918 -0.520678
-0.792257 -0.60784 0.0534756 -9.31605 -0.609826 0.791758 -0.0350893 41.6607 -0.0210111 -0.0604105 -0.997952 -0.547442
-0.79228 -0.608887 0.0393658 -9.609 -0.610049 0.791707 -0.0322438 42.0684 -0.0115333 -0.0495612 -0.998704 -0.566901
-0.792366 -0.609071 0.0344849 -9.90744 -0.609986 0.791816 -0.0307329 42.4882 -0.00858723 -0.045387 -0.998933 -0.586802
-0.794601 -0.606177 0.0340314 -10.2043 -0.607033 0.794234 -0.026521 42.9113 -0.0109525 -0.0417318 -0.999069 -0.609345
-0.794609 -0.606196 0.0335119 -10.5106 -0.607008 0.794318 -0.0245133 43.3386 -0.0117592 -0.0398204 -0.999138 -0.632677
-0.794501 -0.606147 0.0368014 -10.8108 -0.607114 0.79419 -0.0259952 43.7561 -0.0134704 -0.0429959 -0.998984 -0.649959
-0.79496 -0.605072 0.0438982 -11.1243 -0.606393 0.794679 -0.027798 44.1914 -0.0180652 -0.0487178 -0.998649 -0.671801
-0.795635 -0.60335 0.0541631 -11.4167 -0.605347 0.795252 -0.0336143 44.5992 -0.0227921 -0.0595322 -0.997966 -0.692816
-0.801123 -0.596966 0.0428296 -11.3653 -0.598369 0.800392 -0.0364316 44.5258 -0.0125321 -0.0548141 -0.998418 -0.684988
-0.803071 -0.594482 0.0408507 -11.0691 -0.595764 0.802396 -0.0350204 44.1031 -0.0119594 -0.0524613 -0.998551 -0.667648
-0.806697 -0.589575 0.0405144 -10.7733 -0.590749 0.806359 -0.0283106 43.6752 -0.0159779 -0.046772 -0.998778 -0.648081
-0.837846 -0.544584 0.0379885 -10.5369 -0.545619 0.837633 -0.0258852 43.3095 -0.0177238 -0.042415 -0.998943 -0.627998
-0.869005 -0.493264 0.0390049 -10.3511 -0.494353 0.868876 -0.0258823 42.9824 -0.0211236 -0.0417741 -0.998904 -0.61171
-0.894595 -0.444631 0.0447548 -10.2321 -0.445848 0.894841 -0.021892 42.7386 -0.0303146 -0.0395383 -0.998758 -0.600457
-0.916819 -0.396531 0.0469645 -10.0326 -0.397776 0.91725 -0.0206569 42.2541 -0.0348871 -0.03762 -0.998683 -0.585758
-0.947046 -0.316522 0.0540262 -9.9005 -0.317957 0.94789 -0.0202118 41.8959 -0.0448134 -0.0363195 -0.998335 -0.570928
-0.964465 -0.259909 0.0474756 -9.86043 -0.26125 0.964959 -0.0245309 41.7342 -0.0394362 -0.0360622 -0.998571 -0.572176
-0.976206 -0.21437 0.0326796 -9.83342 -0.215214 0.976248 -0.024943 41.6113 -0.0265564 -0.0313826 -0.999155 -0.567066
-0.986377 -0.159944 0.0384614 -9.81989 -0.160781 0.986793 -0.0197261 41.4933 -0.0347984 -0.0256412 -0.999065 -0.56512
-0.997067 -0.0621202 0.0446998 -9.80816 -0.0628295 0.997917 -0.0146403 41.1873 -0.0436973 -0.0174058 -0.998893 -0.56111
-0.998867 -0.00224167 0.0475352 -9.8061 -0.00322811 0.999781 -0.020685 40.9441 -0.0474784 -0.0208151 -0.998655 -0.558848
-0.997645 0.0534632 0.0429779 -9.81803 0.0525189 0.998359 -0.0228084 40.7642 -0.0441268 -0.0204975 -0.998816 -0.556277
-0.992114 0.117932 0.0424466 -9.82612 0.116996 0.992845 -0.0239063 40.6411 -0.0449621 -0.0187517 -0.998813 -0.554412
-0.982739 0.178932 0.0469758 -9.83725 0.1777 0.98365 -0.0292461 40.5716 -0.0514409 -0.0203937 -0.998468 -0.556207
-0.973144 0.228544 0.0275317 -9.88317 0.228104 0.973466 -0.0182265 40.3907 -0.0309667 -0.0114569 -0.999455 -0.556529
-0.956581 0.289179 0.0364408 -9.92501 0.288678 0.957248 -0.0184692 40.2731 -0.0402238 -0.0071476 -0.999165 -0.557277
-0.934072 0.355424 0.0344102 -9.98058 0.355144 0.934705 -0.0141292 40.1287 -0.0371853 -0.000977103 -0.999308 -0.556464
-0.904232 0.425119 0.0404894 -10.0242 0.424715 0.905138 -0.0185167 40.0429 -0.0445202 0.000453105 -0.999008 -0.553291
-0.876838 0.479454 0.0357612 -10.0967 0.47898 0.877566 -0.0213532 39.9071 -0.0416207 -0.00159443 -0.999132 -0.556614
-0.851603 0.523435 0.0280731 -10.1783 0.52333 0.852052 -0.0115529 39.7782 -0.0299669 0.00485302 -0.999539 -0.562241
-0.813078 0.581287 0.0317788 -10.2781 0.581292 0.813633 -0.0100405 39.6401 -0.0316927 0.010309 -0.999444 -0.559089
-0.773457 0.632603 0.0397246 -10.3401 0.632505 0.774379 -0.0165702 39.5721 -0.0412442 0.0123097 -0.999073 -0.556454
-0.72963 0.682857 0.0367065 -10.4107 0.682642 0.730478 -0.0200584 39.5014 -0.0405103 0.0104222 -0.999125 -0.562275
-0.694271 0.719292 0.024612 -10.7285 0.719323 0.694615 -0.00917523 39.1881 -0.0236955 0.0113339 -0.999655 -0.569361
-0.645793 0.762773 0.0335822 -10.8352 0.762811 0.64646 -0.014429 39.103 -0.0327156 0.0162987 -0.999332 -0.566068
-0.595227 0.802653 0.0381066 -10.9761 0.802848 0.596025 -0.0137715 38.9977 -0.0337663 0.0223966 -0.999179 -0.572135
-0.572163 0.819503 0.0323346 -11.2866 0.819044 0.572991 -0.0291261 38.7933 -0.0423964 0.00981852 -0.999053 -0.580009
-0.55434 0.831998 0.0220323 -11.7292 0.831304 0.554778 -0.0339889 38.5107 -0.0405018 -0.000525934 -0.999179 -0.592724
-0.516823 0.855873 0.0193633 -11.9368 0.855634 0.517154 -0.0210123 38.3866 -0.0279977 0.00570823 -0.999592 -0.594232
-0.506162 0.862134 0.0229174 -12.3825 0.861814 0.506628 -0.0245857 38.1426 -0.0328067 0.00730622 -0.999435 -0.611018
-0.522806 0.852111 0.0241032 -12.522 0.851734 0.523317 -0.0262266 38.0592 -0.0349615 0.00681809 -0.999365 -0.614281
-0.522449 0.852594 0.0113993 -12.9581 0.852332 0.522572 -0.021176 37.8083 -0.0240115 -0.00134746 -0.999711 -0.631278
-0.520356 0.853637 0.0231038 -13.3956 0.853378 0.520807 -0.0224919 37.5659 -0.0312325 0.00801245 -0.99948 -0.647312
-0.52036 0.853494 0.027809 -13.8448 0.853264 0.52097 -0.0230427 37.3113 -0.0341545 0.0117379 -0.999348 -0.661511
-0.5197 0.854016 0.0238496 -14.2927 0.853978 0.520094 -0.0149486 37.0558 -0.0251704 0.0125983 -0.999604 -0.675979
-0.512793 0.858231 0.0219846 -14.7351 0.858293 0.513073 -0.0094733 36.8067 -0.01941 0.0140114 -0.999713 -0.692029
-0.507981 0.861059 0.0230803 -15.1937 0.861017 0.508357 -0.0149259 36.5572 -0.0245851 0.0122905 -0.999622 -0.705207
-0.50227 0.864535 0.017441 -15.6783 0.864333 0.502545 -0.0194296 36.2932 -0.0255624 0.00531596 -0.999659 -0.721246
-0.498149 0.866882 0.0190713 -16.132 0.866698 0.498465 -0.0191833 36.05 -0.026136 0.00697295 -0.999634 -0.735455
-0.490421 0.871224 0.0213429 -16.5909 0.871155 0.490762 -0.0155139 35.8129 -0.0239904 0.0109846 -0.999652 -0.749953
-0.492997 0.869807 0.0197344 -17.0529 0.869647 0.493327 -0.0185296 35.5707 -0.0258527 0.00802692 -0.999634 -0.760859
-0.484961 0.874263 0.0218545 -17.5596 0.87415 0.485338 -0.0176001 35.3056 -0.0259939 0.0105687 -0.999606 -0.777815
-0.488798 0.87222 0.0175523 -18.03 0.872263 0.488977 -0.00769488 35.069 -0.0152943 0.011549 -0.999816 -0.79123
-0.482492 0.875764 0.0154646 -18.5055 0.875831 0.482601 -0.00410802 34.8238 -0.0110609 0.0115623 -0.999872 -0.80506
-0.480783 0.876695 0.0159358 -18.9636 0.876718 0.480939 -0.00793613 34.5936 -0.0146217 0.0101556 -0.999842 -0.824202
-0.478072 0.877954 0.0253904 -19.4148 0.877951 0.47851 -0.015204 34.3706 -0.0254979 0.0150229 -0.999562 -0.840349
-0.481727 0.876135 0.0180466 -19.8668 0.875583 0.482064 -0.0311268 34.1483 -0.0359709 0.000806703 -0.999353 -0.853918
-0.482233 0.875453 0.0321405 -20.3196 0.875458 0.482927 -0.0188255 33.9182 -0.0320024 0.0190594 -0.999306 -0.869149
-0.483293 0.875238 0.0196383 -20.8274 0.875443 0.483297 0.0048412 33.6513 -0.00525394 0.0195319 -0.999795 -0.888467
-0.4917 0.870504 0.0213042 -21.3375 0.870547 0.491977 -0.0103428 33.3875 -0.0194846 0.0134608 -0.99972 -0.905846
-0.513018 0.857913 0.0282442 -21.7833 0.857619 0.51367 -0.0251587 33.1419 -0.0360922 0.0113159 -0.999284 -0.919968
-0.51548 0.856693 0.0189006 -22.2326 0.856815 0.515616 -0.00278263 32.8895 -0.0121293 0.0147599 -0.999817 -0.936069
-0.519177 0.854494 0.01716 -22.6712 0.854593 0.519291 -0.00266707 32.6446 -0.01119 0.0132801 -0.999849 -0.948218
-0.517402 0.855504 0.0201903 -23.1213 0.855518 0.517663 -0.0106741 32.3959 -0.0195835 0.0117504 -0.999739 -0.961287
-0.516105 0.856362 0.016709 -23.568 0.856209 0.516346 -0.0170955 32.1501 -0.0232676 0.00548331 -0.999714 -0.975951
-0.520805 0.853365 0.0230285 -24.0153 0.853186 0.52123 -0.0198131 31.9023 -0.0289109 0.00932884 -0.999538 -0.990569
-0.51703 0.855666 0.0227367 -24.4606 0.855765 0.517303 -0.0080395 31.6476 -0.0186409 0.0153006 -0.999709 -1.00185
-0.518791 0.854569 0.0238278 -24.9025 0.854702 0.51907 -0.00711516 31.3991 -0.0184487 0.0166744 -0.999691 -1.01421
-0.517358 0.855555 0.0191196 -25.3397 0.85571 0.517455 -0.000140227 31.1539 -0.0100135 0.0162883 -0.999817 -1.03006
-0.515079 0.85706 0.0119271 -25.7761 0.857121 0.515115 5.15076e-05 30.9088 -0.00609966 0.0102495 -0.999929 -1.04349
-0.516019 0.856551 0.00670893 -26.2171 0.856491 0.516062 -0.0101497 30.6685 -0.012156 0.000508686 -0.999926 -1.05773
-0.515135 0.857031 0.0115298 -26.6921 0.856962 0.515249 -0.0116071 30.4043 -0.0158884 0.00390137 -0.999866 -1.06985
-0.509942 0.859995 0.0191818 -27.141 0.859995 0.510185 -0.0108956 30.1579 -0.0191564 0.0109402 -0.999757 -1.08007
-0.508957 0.860634 0.016474 -27.5862 0.860669 0.509115 -0.00719158 29.9121 -0.0145765 0.0105185 -0.999838 -1.09508
-0.509176 0.860468 0.0182977 -28.0366 0.860641 0.509198 0.00373617 29.6628 -0.00610229 0.0176501 -0.999826 -1.10621
-0.508549 0.860915 0.0142569 -28.4872 0.861032 0.508509 0.00654355 29.4109 -0.00161633 0.0156034 -0.999877 -1.12023
-0.508466 0.861006 0.0114708 -28.9393 0.861065 0.508495 0.00042653 29.1641 -0.00546558 0.010094 -0.999934 -1.13809
-0.509117 0.86063 0.0107676 -29.3864 0.860674 0.509156 -0.00106665 28.9227 -0.00640037 0.00872433 -0.999941 -1.14927
-0.508089 0.861239 0.0106177 -29.8482 0.861287 0.508118 -6.37864e-05 28.6712 -0.00544999 0.00911249 -0.999944 -1.16497
-0.507682 0.861489 0.00977525 -30.3103 0.861518 0.507723 -0.00208874 28.4215 -0.00676255 0.00736114 -0.99995 -1.17685
-0.506548 0.862033 0.0175656 -30.7693 0.862148 0.506654 -0.00188106 28.1756 -0.0105212 0.0141913 -0.999844 -1.19057
-0.50638 0.862141 0.0170825 -31.2149 0.862268 0.506451 0.00018569 27.9351 -0.00849135 0.0148237 -0.999854 -1.20209
-0.505399 0.862685 0.0185965 -31.7016 0.862848 0.505461 0.00154029 27.6684 -0.008071 0.0168244 -0.999826 -1.21428
-0.504565 0.863221 0.0162451 -32.1543 0.863339 0.504625 0.000459673 27.4224 -0.00780086 0.0142569 -0.999868 -1.22792
-0.504789 0.863156 0.0122805 -32.6418 0.863212 0.50484 -0.00126374 27.1593 -0.00729049 0.00996274 -0.999924 -1.24315
-0.505274 0.862948 0.004275 -33.0887 0.862958 0.505274 0.00124514 26.9151 -0.00108555 0.00431828 -0.99999 -1.25767
-0.503536 0.86396 0.00491161 -33.549 0.863974 0.503528 0.00291376 26.6674 4.42391e-05 0.00571068 -0.999984 -1.27105
-0.504235 0.863545 0.00603386 -33.9933 0.863566 0.504215 0.00451972 26.4256 0.000860617 0.00748964 -0.999972 -1.28374
-0.504423 0.863418 0.00820263 -34.4446 0.863455 0.504379 0.00686409 26.184 0.00178934 0.010545 -0.999943 -1.29192
-0.502265 0.864618 0.0128737 -34.907 0.864713 0.502194 0.00848264 25.9366 0.00086917 0.0153926 -0.999881 -1.30531
-0.49975 0.866051 0.0143525 -35.3736 0.866165 0.499735 0.0048784 25.688 -0.00294752 0.0148696 -0.999885 -1.31773
-0.499914 0.865998 0.0115598 -35.8392 0.866074 0.49989 0.00512658 25.4375 -0.00133903 0.0125745 -0.99992 -1.33259
-0.499015 0.866532 0.0103002 -36.3267 0.86659 0.499011 0.0030671 25.1745 -0.00248219 0.0104566 -0.999942 -1.34639
-0.497204 0.86759 0.00864743 -36.7878 0.867632 0.497194 0.00341738 24.9326 -0.00133457 0.00920193 -0.999957 -1.35808
-0.494647 0.869047 0.00899552 -37.2341 0.869092 0.494643 0.00285187 24.7006 -0.00197116 0.0092286 -0.999955 -1.36898
-0.493835 0.869535 0.00609701 -37.6959 0.869554 0.493806 0.00567592 24.4582 0.00192467 0.00810464 -0.999965 -1.37989
-0.492473 0.870303 0.00661383 -38.1579 0.870318 0.492417 0.0085131 24.2192 0.00415221 0.00994861 -0.999942 -1.39136
-0.493434 0.869756 0.00683725 -38.6961 0.869744 0.493323 0.0133476 23.9284 0.00823623 0.0125328 -0.999888 -1.4048
-0.493563 0.869695 0.00503326 -39.1553 0.869649 0.493452 0.0146605 23.6918 0.0102665 0.011613 -0.99988 -1.41634
-0.492868 0.870097 0.00349022 -39.6128 0.870035 0.492774 0.0145785 23.4515 0.0109649 0.0102219 -0.999888 -1.4282
-0.491437 0.870913 0.000436405 -40.1013 0.870814 0.491374 0.0153204 23.1964 0.0131283 0.00790905 -0.999883 -1.44091
-0.490835 0.87125 -0.00214004 -40.5656 0.871197 0.49083 0.010074 22.9525 0.00982736 0.00308027 -0.999947 -1.45264
-0.526609 0.850083 0.00650654 -40.9891 0.850072 0.526641 -0.00514478 22.7328 -0.00780011 0.00282174 -0.999966 -1.46268
-0.547937 0.836474 0.00871969 -41.4298 0.836497 0.547817 0.0129891 22.4705 0.00608824 0.0144112 -0.999878 -1.47772
-0.549495 0.835496 0.00108574 -41.8738 0.835359 0.549381 0.0188349 22.1981 0.01514 0.0112567 -0.999822 -1.48894
-0.555506 0.831511 -0.00143061 -42.3113 0.831281 0.555391 0.0226611 21.9291 0.0196375 0.0113991 -0.999742 -1.49985
-0.551854 0.833906 -0.00767063 -42.7373 0.833613 0.551871 0.0229502 21.665 0.0233715 0.00627082 -0.999707 -1.51194
-0.550733 0.834679 -0.00213311 -43.1764 0.834547 0.550688 0.016549 21.3965 0.0149878 0.00733391 -0.999861 -1.52211
-0.547966 0.8365 0.00129192 -43.6228 0.836489 0.54795 0.00608014 21.1293 0.00437813 0.00441238 -0.999981 -1.53418
-0.545494 0.838064 0.0091681 -44.067 0.838114 0.545471 0.0051171 20.8625 -0.000712471 0.0104753 -0.999945 -1.54535
-0.539376 0.842049 0.00518706 -44.5025 0.841994 0.539241 0.0163014 20.6025 0.0109295 0.0131601 -0.999854 -1.55517
-0.535165 0.844744 -0.00259416 -44.9639 0.844567 0.535111 0.0190607 20.3286 0.0174895 0.00800965 -0.999815 -1.56665
-0.535253 0.844689 -0.00212329 -45.4059 0.844504 0.535185 0.0197453 20.0675 0.017815 0.00877561 -0.999803 -1.57803
-0.534788 0.844984 -0.00193261 -45.8467 0.844908 0.534768 0.0124378 19.8112 0.0115432 0.0050187 -0.999921 -1.59045
-0.533702 0.845672 0.00122375 -46.282 0.845671 0.533698 0.00260284 19.5624 0.00154804 0.00242403 -0.999996 -1.60263
-0.532617 0.846357 -0.00036295 -46.7201 0.846353 0.532616 0.0025473 19.304 0.00234923 0.00104955 -0.999997 -1.61518
-0.533151 0.846017 0.00239143 -47.173 0.846008 0.533126 0.00685675 19.046 0.00452599 0.00567885 -0.999974 -1.62213
-0.53247 0.846446 0.00190891 -47.6237 0.846373 0.532392 0.0145517 18.7828 0.011301 0.00936402 -0.999892 -1.62958
-0.531419 0.847109 -0.00063091 -48.0723 0.846968 0.531344 0.0178564 18.5211 0.0154616 0.00895487 -0.99984 -1.6418
-0.530107 0.84789 -0.00832957 -48.5141 0.847719 0.530169 0.0171408 18.2642 0.0189496 0.00202533 -0.999818 -1.65724
-0.528657 0.848805 -0.00724535 -48.9551 0.84866 0.528702 0.0158298 18.0096 0.0172671 0.00221973 -0.999848 -1.66614
-0.531358 0.847131 0.00522776 -49.4303 0.847138 0.531312 0.00811464 17.7353 0.0040966 0.00874041 -0.999953 -1.67656
-0.499024 0.866579 0.00387698 -49.87 0.866537 0.498941 0.0131037 17.4889 0.00942099 0.0098986 -0.999907 -1.68394
-0.488469 0.8725 -0.0119072 -50.3225 0.872216 0.488614 0.0222525 17.2494 0.0252333 0.000484002 -0.999681 -1.69643
-0.484078 0.874891 -0.0152917 -50.7775 0.874624 0.484312 0.0218136 17.0144 0.0264904 -0.002815 -0.999645 -1.70699
-0.480109 0.877169 -0.00838376 -51.2343 0.876854 0.480164 0.0238758 16.7835 0.0249687 0.00411167 -0.99968 -1.71309
-0.477374 0.878699 0.00168443 -51.6942 0.878613 0.477299 0.015022 16.5536 0.0123958 0.00865106 -0.999886 -1.71949
-0.470151 0.882582 0.00269415 -52.1518 0.882479 0.470044 0.017009 16.3307 0.0137454 0.0103743 -0.999852 -1.7284
-0.470277 0.882518 -0.00102541 -52.6225 0.882278 0.470176 0.0227927 16.1006 0.0205971 0.00981419 -0.99974 -1.74097
-0.462442 0.886591 -0.010201 -53.0881 0.886026 0.462518 0.0321572 15.8731 0.0332284 0.00583247 -0.999431 -1.75474
-0.469604 0.882761 -0.0142915 -53.543 0.882461 0.469819 0.023105 15.6561 0.0271106 -0.0017615 -0.999631 -1.76617
-0.468989 0.883131 -0.0113474 -53.9979 0.882844 0.469126 0.0225486 15.4372 0.0252368 0.000557069 -0.999681 -1.77475
-0.464779 0.885426 -0.0011483 -54.4572 0.885197 0.464688 0.0221854 15.22 0.0201772 0.00929486 -0.999753 -1.78199
-0.462088 0.886832 -0.00184041 -54.9264 0.886617 0.46202 0.0211886 14.9946 0.019641 0.00815925 -0.999774 -1.78973
-0.45786 0.889022 0.00210324 -55.3837 0.888781 0.457678 0.0244804 14.7769 0.020801 0.0130779 -0.999698 -1.80062
-0.455262 0.890343 -0.00499147 -55.8399 0.889939 0.455213 0.0281074 14.5588 0.0272974 0.00835411 -0.999592 -1.8136
-0.453968 0.890952 -0.0108183 -56.2925 0.890552 0.45409 0.0268208 14.3435 0.0288086 0.00254158 -0.999582 -1.82496
-0.450687 0.892628 -0.00979162 -56.7766 0.892207 0.450778 0.0276863 14.1153 0.0291275 0.00374173 -0.999569 -1.83612
-0.446887 0.894546 -0.00887379 -57.2438 0.894193 0.446962 0.0253546 13.9056 0.0266471 0.00339576 -0.999639 -1.84429
-0.444967 0.895526 -0.00619376 -57.7026 0.895266 0.44499 0.0219896 13.6994 0.0224484 0.0042396 -0.999739 -1.85429
-0.448476 0.893795 -0.00035653 -58.1729 0.893639 0.448406 0.0184623 13.485 0.0166614 0.0079613 -0.999829 -1.86344
-0.460764 0.887522 -0.00136851 -58.6264 0.88721 0.460642 0.0258392 13.2728 0.0235632 0.0106916 -0.999665 -1.87244
-0.487709 0.872991 -0.00511864 -59.0968 0.872938 0.487736 0.00964034 13.0444 0.0109125 0.000233428 -0.99994 -1.88449
-0.51625 0.856418 -0.00582354 -59.551 0.856179 0.516249 0.021109 12.7933 0.0210845 0.00591153 -0.99976 -1.89664
-0.516304 0.856359 -0.00887612 -60.0012 0.855718 0.516277 0.0347231 12.5379 0.034318 0.0103322 -0.999358 -1.90657
-0.521807 0.853016 -0.00906915 -60.4526 0.852258 0.521746 0.0379171 12.2845 0.0370757 0.0120562 -0.99924 -1.91578
-0.516714 0.856133 -0.00661336 -60.8909 0.855654 0.516659 0.0303314 12.0408 0.0293846 0.0100139 -0.999518 -1.92521
-0.512766 0.858494 -0.00769128 -61.3387 0.85819 0.512795 0.0234716 11.794 0.0240943 0.00543485 -0.999695 -1.93583
-0.514862 0.85724 -0.00753086 -61.7854 0.856891 0.514875 0.0253393 11.5457 0.0255993 0.00659311 -0.999651 -1.94683
-0.507874 0.861313 -0.0142637 -62.2372 0.860773 0.508064 0.0306713 11.2982 0.0336645 0.00329938 -0.999428 -1.95784
-0.510236 0.859936 -0.0130276 -62.6851 0.859407 0.510384 0.0304777 11.0567 0.032858 0.00435483 -0.999451 -1.96755
-0.510717 0.859676 -0.0111974 -63.1317 0.859142 0.510802 0.0309314 10.8115 0.0323106 0.00617699 -0.999459 -1.9777
-0.512375 0.858724 -0.00811907 -63.5815 0.858206 0.51236 0.0311245 10.5643 0.0308872 0.00897956 -0.999483 -1.98818
-0.512225 0.858832 -0.00571656 -64.0398 0.858442 0.512176 0.0274391 10.3173 0.0264934 0.00914764 -0.999607 -1.99567
-0.514881 0.857218 -0.00858281 -64.5011 0.856854 0.514919 0.0256781 10.0603 0.0264312 0.00586696 -0.999633 -2.00615
-0.516385 0.856306 -0.00933564 -64.9417 0.855906 0.516436 0.0268045 9.81755 0.0277741 0.00585102 -0.999597 -2.01598
-0.515367 0.856817 -0.0161579 -65.3848 0.856299 0.515618 0.0298487 9.56644 0.0339062 0.00154708 -0.999424 -2.02784
-0.516765 0.855966 -0.0166423 -65.8449 0.855275 0.51702 0.0345723 9.30909 0.0381971 0.00363196 -0.999264 -2.03781
-0.51738 0.855579 -0.0173788 -66.2802 0.85465 0.517637 0.0403148 9.06298 0.0434884 0.00600527 -0.999036 -2.04584
-0.51877 0.854844 -0.0109301 -66.7326 0.854027 0.518772 0.0388927 8.81443 0.0389175 0.0108417 -0.999184 -2.05585
-0.521314 0.85328 -0.0120684 -67.1924 0.852613 0.521396 0.0345997 8.55854 0.0358157 0.00774763 -0.999328 -2.06204
-0.522855 0.852259 -0.0166497 -67.6629 0.851692 0.523116 0.0311452 8.29157 0.0352536 0.00210399 -0.999376 -2.07211
-0.522893 0.852186 -0.0190157 -68.1146 0.851652 0.523239 0.0301745 8.0343 0.035664 -0.000416707 -0.999364 -2.08251
-0.522819 0.852275 -0.0169756 -68.5728 0.851714 0.523092 0.0309642 7.77509 0.0352697 0.00173033 -0.999376 -2.09213
-0.524788 0.851143 -0.0123979 -69.0151 0.850567 0.524898 0.0318997 7.52677 0.0336588 0.00619534 -0.999414 -2.10099
-0.549419 0.835523 -0.00636229 -69.458 0.834761 0.549216 0.0391757 7.26296 0.0362265 0.0162129 -0.999212 -2.11336
-0.564753 0.825237 -0.0061733 -69.8914 0.824505 0.56454 0.0385404 6.9879 0.03529 0.0166759 -0.999238 -2.12739
-0.564829 0.825114 -0.0124565 -70.3234 0.824333 0.564861 0.037514 6.71412 0.0379895 0.0109207 -0.999218 -2.13921
-0.564524 0.825093 -0.0231081 -70.7533 0.824151 0.564987 0.0395483 6.43595 0.0456868 0.00328137 -0.99895 -2.15108
-0.56876 0.822114 -0.0253031 -71.215 0.821183 0.56932 0.0391458 6.1411 0.0465879 0.0014861 -0.998913 -2.16257
-0.571755 0.8202 -0.019185 -71.6805 0.819247 0.57203 0.0401941 5.84392 0.0439416 0.00726392 -0.999008 -2.17329
-0.57381 0.818906 -0.011609 -72.1098 0.817883 0.573714 0.0438088 5.5681 0.0425355 0.0156431 -0.998972 -2.18208
-0.575517 0.817629 -0.016216 -72.5318 0.816601 0.575636 0.0424895 5.29469 0.0440751 0.0112114 -0.998965 -2.19209
-0.544192 0.838752 -0.0187281 -72.9625 0.837665 0.544456 0.0434188 5.03179 0.0466142 0.00794023 -0.998881 -2.19971
-0.509865 0.859861 -0.0260351 -73.408 0.858618 0.510527 0.0462301 4.78218 0.0530431 0.00121692 -0.998591 -2.20541
-0.502665 0.864326 -0.0164051 -73.8498 0.863575 0.502916 0.0362375 4.54625 0.0395714 0.00404828 -0.999209 -2.21683
-0.501544 0.865063 -0.0109532 -74.3347 0.864504 0.501622 0.0317323 4.28684 0.0329448 0.00644603 -0.999436 -2.22465
-0.496115 0.868201 -0.00984296 -74.7911 0.867681 0.496167 0.030802 4.04687 0.031626 0.00674077 -0.999477 -2.23277
-0.491449 0.870574 -0.0240599 -75.236 0.870069 0.492 0.0302765 3.81332 0.0381954 -0.00605436 -0.999252 -2.23852
-0.493918 0.869381 -0.014911 -75.6788 0.868089 0.494019 0.0486583 3.57578 0.0496689 0.0110892 -0.998704 -2.25424
-0.489593 0.871888 -0.0105311 -76.1301 0.871046 0.489599 0.0396396 3.34712 0.0397173 0.0102341 -0.999159 -2.2627
-0.488846 0.872192 -0.0176375 -76.5847 0.871552 0.489163 0.0334274 3.11374 0.0377828 0.00096886 -0.999286 -2.27526
-0.485215 0.874245 -0.0161607 -77.0338 0.873514 0.485473 0.0359073 2.88315 0.0392374 0.00330624 -0.999224 -2.28196
-0.52117 0.853265 -0.0178954 -77.3057 0.85281 0.521477 0.0278926 2.75167 0.0331318 -0.000724552 -0.999451 -2.29089
-0.587612 0.809057 -0.0117718 -77.2944 0.80853 0.587671 0.0303612 2.7546 0.0314819 0.00832269 -0.99947 -2.2888
-0.633227 0.77387 -0.0121921 -77.2803 0.773094 0.633183 0.0374922 2.76149 0.0367339 0.0143154 -0.999223 -2.28714
-0.679733 0.733363 -0.0119213 -77.2709 0.732493 0.679582 0.0402869 2.76639 0.0376464 0.0186521 -0.999117 -2.29181
-0.727755 0.685545 -0.0200238 -77.2745 0.684369 0.727797 0.0441583 2.76226 0.0448457 0.0184327 -0.998824 -2.29214
-0.771034 0.636341 -0.0240291 -77.2794 0.635353 0.771278 0.038168 2.75727 0.042821 0.0141619 -0.998982 -2.29725
-0.805455 0.592478 -0.014545 -77.2748 0.591896 0.805423 0.0308732 2.764 0.0300065 0.0162579 -0.999417 -2.3027
-0.85841 0.512893 -0.00858005 -77.2697 0.512444 0.858172 0.0306746 2.76804 0.0230959 0.0219346 -0.999493 -2.29769
-0.897206 0.441477 -0.0109306 -77.2707 0.440889 0.896879 0.0350013 2.76999 0.0252557 0.0265842 -0.999327 -2.30475
-0.926371 0.376183 -0.0179794 -77.2663 0.375541 0.926281 0.0311945 2.76142 0.0283888 0.0221456 -0.999352 -2.30377
-0.947352 0.320059 -0.00929348 -77.2693 0.319738 0.947153 0.0258601 2.76554 0.0170791 0.0215272 -0.999622 -2.30376
-0.965784 0.259337 -0.00222118 -77.2664 0.259218 0.965539 0.0232359 2.77362 0.00817057 0.0218651 -0.999728 -2.30285
-0.981459 0.191615 -0.0046288 -77.263 0.191464 0.981237 0.0226836 2.77536 0.00888847 0.0213768 -0.999732 -2.30114
-0.993648 0.112049 -0.010424 -77.2624 0.111779 0.993454 0.0235683 2.76852 0.0129966 0.0222534 -0.999668 -2.30972
-0.998485 0.0542735 -0.00903283 -77.2606 0.0541043 0.998373 0.0180239 2.7672 0.00999635 0.0175079 -0.999797 -2.30932
-0.999968 -0.00741 0.00295155 -77.2593 -0.00734429 0.999738 0.0216843 2.7858 -0.00311146 0.021662 -0.999761 -2.30207
-0.996351 -0.0852445 0.00416278 -77.2565 -0.0850968 0.995984 0.0278386 2.78805 -0.00651915 0.0273828 -0.999604 -2.30224
-0.973387 -0.229 -0.00875243 -77.253 -0.229148 0.973088 0.0242987 2.77083 0.00295248 0.0256577 -0.999666 -2.3023
-0.95686 -0.290512 -0.00473526 -77.2499 -0.290548 0.956647 0.020211 2.77372 -0.00134158 0.020715 -0.999785 -2.30113
-0.927172 -0.374633 0.00117345 -77.2497 -0.374491 0.926897 0.0248679 2.78209 -0.010404 0.0226173 -0.99969 -2.2942
-0.893139 -0.449775 0.00223377 -77.2472 -0.449589 0.892893 0.0247407 2.77409 -0.0131223 0.0210926 -0.999691 -2.29591
-0.858189 -0.513309 0.00494848 -77.2462 -0.513068 0.858016 0.0238517 2.76862 -0.0164892 0.0179303 -0.999703 -2.30277
-0.839697 -0.543011 0.00688214 -77.0036 -0.542788 0.839615 0.0207126 2.38187 -0.0170255 0.0136568 -0.999762 -2.32003
-0.835834 -0.54898 0.00155755 -76.7409 -0.548665 0.835445 0.0316002 1.93787 -0.0186491 0.025558 -0.999499 -2.33675
-0.833835 -0.551999 0.00411651 -76.4763 -0.55159 0.833464 0.0329601 1.49895 -0.0216249 0.0252127 -0.999448 -2.35365
-0.830827 -0.556523 0.00301228 -76.1857 -0.556066 0.830341 0.0364043 1.05544 -0.0227611 0.0285706 -0.999333 -2.37636
-0.828127 -0.560539 -0.00130573 -75.8934 -0.560198 0.827536 0.0369094 0.597438 -0.0196086 0.0312971 -0.999318 -2.39853
-0.829034 -0.559194 -0.00199659 -75.6178 -0.55898 0.828607 0.0308473 0.164831 -0.0155953 0.0266895 -0.999522 -2.41983
-0.826349 -0.563159 0.000126681 -75.3473 -0.56293 0.82602 0.0282985 -0.260599 -0.0160412 0.0233131 -0.9996 -2.44334
-0.822899 -0.568187 0.000321445 -75.0542 -0.567891 0.822488 0.0318251 -0.731148 -0.018347 0.0260063 -0.999493 -2.46596
-0.822461 -0.568805 -0.00426848 -74.7755 -0.568666 0.822039 0.0295089 -1.15678 -0.013276 0.0266973 -0.999555 -2.48694
-0.82082 -0.571187 -0.000634754 -74.5025 -0.571012 0.82054 0.0256691 -1.57773 -0.014141 0.0214322 -0.99967 -2.50591
-0.846147 -0.532931 -0.00438465 -74.2946 -0.532877 0.845867 0.0234907 -1.91376 -0.00881009 0.022213 -0.999714 -2.51751
-0.85854 -0.512744 -0.00187838 -74.052 -0.512581 0.858162 0.0286232 -2.353 -0.0130644 0.025537 -0.999589 -2.54036
-0.857362 -0.514695 0.00435455 -73.8047 -0.514355 0.857051 0.0300449 -2.80091 -0.019196 0.0235196 -0.999539 -2.5627
-0.856347 -0.516366 0.00608818 -73.6471 -0.516113 0.856203 0.0233363 -3.08442 -0.0172628 0.0168418 -0.999709 -2.57741
-0.856819 -0.515608 0.00306007 -73.3967 -0.51543 0.856653 0.021857 -3.53238 -0.0138911 0.0171503 -0.999756 -2.5989
-0.858064 -0.513535 -0.00279017 -73.1344 -0.513316 0.857511 0.0343661 -4.00562 -0.0152556 0.0309206 -0.999405 -2.61621
-0.859588 -0.510978 -0.00328063 -72.8825 -0.510756 0.858985 0.0356857 -4.45914 -0.0154166 0.0323506 -0.999358 -2.63649
-0.859536 -0.511075 0.000434103 -72.6421 -0.510777 0.859064 0.0333957 -4.90283 -0.0174406 0.028483 -0.999442 -2.65932
-0.860715 -0.509078 0.00314421 -72.3937 -0.508775 0.860387 0.0296985 -5.34613 -0.0178241 0.0239623 -0.999554 -2.67986
-0.860304 -0.509755 0.00529186 -72.1586 -0.509431 0.86005 0.0281866 -5.78681 -0.0189195 0.0215532 -0.999589 -2.70221
-0.861129 -0.508365 0.00473864 -71.916 -0.508039 0.860847 0.0289711 -6.22943 -0.0188071 0.0225405 -0.999569 -2.724
-0.860971 -0.50865 -0.00229027 -71.6721 -0.5085 0.860589 0.0285224 -6.67049 -0.0125369 0.0257215 -0.999591 -2.74834
-0.862256 -0.506349 -0.011176 -71.4157 -0.506456 0.861846 0.0269049 -7.12547 -0.00399127 0.028859 -0.999576 -2.76979
-0.862494 -0.505915 -0.0124392 -71.1717 -0.506044 0.861953 0.0309399 -7.57686 -0.00493097 0.0329803 -0.999444 -2.78998
-0.862805 -0.505453 -0.00920139 -70.9136 -0.505478 0.862285 0.0309334 -8.06422 -0.00770118 0.0313406 -0.999479 -2.81232
-0.866432 -0.499295 -0.000334408 -70.6711 -0.499063 0.866008 0.0310837 -8.52605 -0.0152304 0.0270988 -0.999517 -2.83465
-0.865137 -0.501501 0.00590912 -70.4308 -0.501148 0.864872 0.0290974 -8.97297 -0.019703 0.0222119 -0.999559 -2.85685
-0.866411 -0.499329 -0.00161643 -70.1877 -0.49919 0.866083 0.0266583 -9.428 -0.0119113 0.023904 -0.999643 -2.88006
-0.865601 -0.50062 -0.0106789 -69.951 -0.50073 0.865315 0.0223472 -9.8725 -0.00194686 0.024691 -0.999693 -2.89897
-0.864177 -0.50301 -0.0133774 -69.7115 -0.503188 0.863909 0.0215188 -10.319 0.000732668 0.0253274 -0.999679 -2.91906
-0.863325 -0.504473 -0.0132869 -69.4727 -0.504648 0.863027 0.0226991 -10.7636 1.58916e-05 0.026302 -0.999654 -2.93892
-0.864384 -0.502826 -0.0023623 -69.2331 -0.502666 0.863968 0.0297667 -11.2079 -0.0129265 0.0269173 -0.999554 -2.95988
-0.864237 -0.503076 0.00282805 -68.9936 -0.502627 0.863678 0.0377612 -11.657 -0.0214393 0.0312132 -0.999283 -2.98393
-0.864895 -0.501923 -0.00552617 -68.7431 -0.501926 0.86468 0.0199554 -12.1071 -0.0052377 0.020033 -0.999786 -3.00795
-0.866199 -0.499311 -0.0196846 -68.5033 -0.49964 0.866028 0.0188258 -12.5617 0.00764747 0.0261421 -0.999629 -3.02876
-0.865695 -0.500252 -0.0178787 -68.2617 -0.50054 0.86549 0.0196764 -13.0178 0.00563072 0.0259828 -0.999647 -3.05079
-0.862518 -0.505999 -0.00531314 -68.0135 -0.505814 0.861801 0.0380975 -13.4844 -0.0146984 0.0355472 -0.99926 -3.07099
-0.862656 -0.50579 -0.00102881 -67.7726 -0.505474 0.862041 0.0371716 -13.932 -0.0179142 0.0325864 -0.999308 -3.09035
-0.860475 -0.509478 0.00397236 -67.5309 -0.509234 0.86026 0.025152 -14.3732 -0.0162317 0.0196198 -0.999676 -3.11408
-0.860717 -0.509069 -0.00382271 -67.283 -0.509039 0.860519 0.019638 -14.8175 -0.00670756 0.0188486 -0.9998 -3.13517
-0.863954 -0.502838 -0.0271636 -67.0298 -0.503376 0.863864 0.0187798 -15.2747 0.0140225 0.0298983 -0.999455 -3.15687
-0.865198 -0.500852 -0.024074 -66.7855 -0.501351 0.864917 0.0237845 -15.7378 0.00890954 0.0326478 -0.999427 -3.17817
-0.864117 -0.503092 -0.0141919 -66.5389 -0.503291 0.863806 0.0231613 -16.2033 0.000606847 0.0271567 -0.999631 -3.19784
-0.865607 -0.500698 -0.0050831 -66.2897 -0.500623 0.865186 0.0288247 -16.6743 -0.0100346 0.0274956 -0.999572 -3.21912
-0.864499 -0.502554 0.00903909 -66.0538 -0.5021 0.864268 0.0306031 -17.1309 -0.0231919 0.0219178 -0.999491 -3.24164
-0.864897 -0.501876 0.00861127 -65.8118 -0.501473 0.864695 0.0287612 -17.5807 -0.0218807 0.0205572 -0.999549 -3.2617
-0.865687 -0.500562 0.00488799 -65.5728 -0.500273 0.86545 0.0269143 -18.03 -0.0177026 0.020854 -0.999626 -3.27994
-0.864145 -0.503149 -0.00969767 -65.3231 -0.503226 0.863803 0.0246589 -18.4958 -0.0040302 0.026189 -0.999649 -3.29726
-0.862124 -0.506497 -0.0142559 -65.0683 -0.506698 0.861773 0.0245876 -18.9678 -0.000168187 0.028421 -0.999596 -3.31879
-0.861991 -0.506381 -0.02344 -64.8138 -0.50684 0.861765 0.021779 -19.4328 0.00917125 0.0306536 -0.999488 -3.34033
-0.861452 -0.507406 -0.020979 -64.5585 -0.507797 0.861178 0.022682 -19.8967 0.00655768 0.0301925 -0.999523 -3.36272
-0.871526 -0.49015 -0.0139711 -64.3144 -0.490341 0.870992 0.0306403 -20.3469 -0.00284966 0.0335544 -0.999433 -3.38698
-0.872391 -0.488703 -0.0101499 -64.0788 -0.488801 0.872069 0.0238831 -20.8015 -0.00282034 0.0257967 -0.999663 -3.40843
-0.874292 -0.485298 -0.00999756 -63.8455 -0.485396 0.874002 0.022609 -21.2495 -0.0022342 0.0246196 -0.999694 -3.43001
-0.874557 -0.48463 -0.0168569 -63.6119 -0.484902 0.874316 0.0210134 -21.7099 0.00455455 0.0265513 -0.999637 -3.4501
-0.873935 -0.485522 -0.0224753 -63.3812 -0.485969 0.87367 0.0231276 -22.1591 0.00840707 0.0311343 -0.99948 -3.47009
-0.873608 -0.486162 -0.0213553 -63.1444 -0.486561 0.873383 0.0214611 -22.611 0.00821784 0.0291392 -0.999542 -3.49026
-0.874914 -0.483879 -0.0196743 -62.9036 -0.484191 0.874807 0.0164984 -23.0837 0.00922802 0.0239608 -0.99967 -3.5081
-0.876225 -0.481848 -0.00721189 -62.6776 -0.481892 0.876007 0.0198017 -23.533 -0.00322374 0.0208261 -0.999778 -3.52792
-0.878078 -0.478463 -0.00718995 -62.4467 -0.478502 0.87783 0.0212064 -23.9933 -0.00383494 0.0220613 -0.999749 -3.54544
-0.879104 -0.476608 -0.00453447 -62.2023 -0.476563 0.878784 0.0250329 -24.4952 -0.00794605 0.0241675 -0.999676 -3.56737
-0.879392 -0.476027 -0.00829735 -61.9787 -0.476089 0.87913 0.0216655 -24.9463 -0.00301889 0.0230027 -0.999731 -3.58487
-0.8794 -0.475972 -0.0102836 -61.7437 -0.476079 0.879103 0.0229584 -25.4162 -0.0018872 0.0250855 -0.999684 -3.60327
-0.879813 -0.475141 -0.0130162 -61.5091 -0.475319 0.879471 0.0245345 -25.8904 -0.000209993 0.0277726 -0.999614 -3.62159
-0.880255 -0.474102 -0.0194653 -61.2879 -0.474461 0.879971 0.0231956 -26.3408 0.00613177 0.0296536 -0.999541 -3.64249
-0.880412 -0.473852 -0.0184246 -61.0534 -0.474164 0.880202 0.0202975 -26.8112 0.00659932 0.0266065 -0.999624 -3.66284
-0.880273 -0.474246 -0.014481 -60.8162 -0.474451 0.880085 0.0186374 -27.2886 0.0039058 0.0232765 -0.999721 -3.68427
-0.881376 -0.472346 -0.00812315 -60.5819 -0.472405 0.881108 0.0219592 -27.7651 -0.00321495 0.0231917 -0.999726 -3.70404
-0.881823 -0.471574 -0.00235605 -60.353 -0.471515 0.881607 0.02106 -28.2284 -0.00785426 0.0196821 -0.999775 -3.7239
-0.879358 -0.476158 -0.0017032 -60.127 -0.47605 0.879069 0.0247885 -28.6853 -0.010306 0.0226087 -0.999691 -3.74361
-0.878638 -0.477488 -0.000239815 -59.8952 -0.477357 0.878385 0.023894 -29.1467 -0.0111985 0.0211087 -0.999714 -3.76343
-0.878975 -0.47676 -0.0101527 -59.6498 -0.476849 0.878551 0.0276147 -29.6356 -0.00424591 0.029114 -0.999567 -3.78471
-0.880942 -0.472718 -0.0219 -59.4232 -0.473139 0.880721 0.0217013 -30.09 0.00902917 0.0294793 -0.999525 -3.80608
-0.880659 -0.47316 -0.0236463 -59.1898 -0.473632 0.880456 0.0216597 -30.5613 0.010571 0.0302745 -0.999486 -3.82635
-0.88081 -0.4729 -0.0232111 -58.9618 -0.473289 0.88077 0.0155766 -31.021 0.0130774 0.0247055 -0.999609 -3.8464
-0.879399 -0.475456 -0.0244765 -58.7216 -0.475807 0.879481 0.0109933 -31.4985 0.0162998 0.0213136 -0.99964 -3.86478
-0.850613 -0.525574 -0.0151697 -58.5921 -0.525779 0.850445 0.0173327 -31.7549 0.0037914 0.0227193 -0.999735 -3.87354
-0.810816 -0.585018 -0.01818 -58.4971 -0.585298 0.810521 0.0219574 -31.9008 0.00188978 0.0284441 -0.999594 -3.87981
-0.755235 -0.655068 -0.0225105 -58.3404 -0.655452 0.754878 0.0232628 -32.1143 0.00175403 0.0323235 -0.999476 -3.89073
-0.701264 -0.712394 -0.0268935 -58.2602 -0.712872 0.701079 0.0173508 -32.2056 0.00649388 0.0313391 -0.999488 -3.89357
-0.655131 -0.755028 -0.0271259 -58.2156 -0.755469 0.655066 0.0124465 -32.2408 0.00837182 0.0286468 -0.999555 -3.90465
-0.604282 -0.796678 -0.0121339 -58.1466 -0.796636 0.603831 0.0275641 -32.2992 -0.0146329 0.0263228 -0.999546 -3.9021
-0.550234 -0.834908 -0.0130927 -58.0883 -0.834796 0.54967 0.0312943 -32.3435 -0.0189311 0.0281489 -0.999424 -3.90119
-0.475834 -0.879355 -0.0177995 -58.0278 -0.879421 0.475349 0.0257418 -32.3837 -0.0141752 0.0279021 -0.99951 -3.90049
-0.402513 -0.915236 -0.0180745 -57.9705 -0.915409 0.402362 0.0114837 -32.4093 -0.00323777 0.0211679 -0.999771 -3.91218
-0.349566 -0.936848 -0.0109291 -57.8925 -0.936841 0.349372 0.0163946 -32.4337 -0.0115409 0.0159698 -0.999806 -3.91278
-0.276828 -0.960895 -0.00680797 -57.8378 -0.960525 0.276504 0.0306268 -32.4647 -0.0275467 0.0150176 -0.999508 -3.90657
-0.163592 -0.986432 -0.0137496 -57.7655 -0.986347 0.16328 0.0214068 -32.4884 -0.0188713 0.0170639 -0.999676 -3.91407
-0.0810608 -0.996657 -0.0101755 -57.7003 -0.996636 0.0809271 0.012922 -32.4961 -0.0120553 0.0111887 -0.999865 -3.92121
0.0026578 -0.999977 -0.00623341 -57.6175 -0.999704 -0.00280765 0.0241547 -32.5013 -0.0241717 0.00616737 -0.999689 -3.9276
0.0735309 -0.997251 -0.00913028 -57.5588 -0.996824 -0.0737741 0.0300013 -32.4954 -0.0305924 0.00689525 -0.999508 -3.92686
0.149342 -0.988711 -0.012159 -57.5102 -0.98835 -0.14963 0.0278498 -32.4824 -0.0293547 0.00785825 -0.999538 -3.93409
0.253232 -0.967388 -0.00581354 -57.4278 -0.967009 -0.253296 0.0271093 -32.4639 -0.0276978 -0.00124321 -0.999616 -3.93668
0.304568 -0.952471 -0.00616505 -57.0428 -0.95202 -0.304614 0.029472 -32.36 -0.0299492 -0.00310697 -0.999547 -3.94632
0.383196 -0.923613 -0.0099548 -56.9564 -0.922971 -0.383303 0.034695 -32.3284 -0.0358605 -0.00410701 -0.999348 -3.94064
0.451018 -0.892456 -0.0102703 -56.8601 -0.892215 -0.451135 0.0207201 -32.285 -0.023125 -0.000181774 -0.999733 -3.94879
0.45201 -0.891935 -0.0117806 -56.4106 -0.891478 -0.452157 0.0286722 -32.069 -0.0309004 -0.00245797 -0.999519 -3.95323
0.460232 -0.887759 -0.00840581 -55.9196 -0.887329 -0.460276 0.0281798 -31.843 -0.0288858 -0.00551052 -0.999568 -3.95686
0.464053 -0.885798 -0.00407017 -55.4611 -0.885382 -0.463968 0.0288588 -31.6191 -0.0274515 -0.00978836 -0.999575 -3.95574
0.462612 -0.88656 -0.000596885 -54.9801 -0.886238 -0.462462 0.0266527 -31.3964 -0.0239053 -0.0118009 -0.999645 -3.96003
0.467775 -0.883836 -0.00459606 -54.5299 -0.883444 -0.467712 0.0277772 -31.1791 -0.0267001 -0.00893311 -0.999604 -3.96129
0.462648 -0.886504 -0.00816195 -54.0481 -0.885881 -0.462639 0.0343377 -30.9445 -0.0342166 -0.00865575 -0.999377 -3.96558
0.486737 -0.873405 -0.0158429 -53.584 -0.872497 -0.486961 0.0402214 -30.7101 -0.0428445 -0.00575434 -0.999065 -3.96958
0.511771 -0.859099 -0.00627767 -53.1377 -0.858777 -0.511759 0.0246141 -30.4694 -0.0243586 -0.00720567 -0.999677 -3.97179
0.521069 -0.853491 -0.00639074 -52.6935 -0.853223 -0.521072 0.022231 -30.2182 -0.022304 -0.00613114 -0.999732 -3.97258
0.528298 -0.849037 -0.0061759 -52.2441 -0.848705 -0.528273 0.0250371 -29.9639 -0.02452 -0.00798552 -0.999667 -3.97626
0.535392 -0.844561 -0.00847623 -51.7962 -0.844248 -0.53543 0.0236756 -29.7067 -0.0245339 -0.00551968 -0.999684 -3.97966
0.535424 -0.844584 0.000161922 -51.36 -0.844295 -0.535236 0.026244 -29.4506 -0.0220786 -0.0141884 -0.999656 -3.9781
0.543696 -0.83928 -0.00181258 -50.8391 -0.838972 -0.543553 0.0259965 -29.1438 -0.0228036 -0.0126135 -0.99966 -3.98033
0.548239 -0.836321 -0.000763014 -50.3933 -0.836046 -0.548082 0.0251404 -28.8724 -0.0214436 -0.013145 -0.999684 -3.9797
0.555825 -0.831299 0.00105353 -49.9616 -0.831001 -0.555591 0.027477 -28.609 -0.0222563 -0.0161479 -0.999622 -3.97997
0.562702 -0.826655 0.0027884 -49.5231 -0.826428 -0.562461 0.025593 -28.3385 -0.0195882 -0.0167056 -0.999669 -3.98008
0.561372 -0.827563 -0.00121419 -49.0838 -0.827332 -0.561249 0.0228292 -28.058 -0.019574 -0.0118111 -0.999739 -3.97897
0.529853 -0.848076 -0.00466085 -48.6489 -0.847873 -0.529834 0.0196477 -27.7961 -0.0191322 -0.00645859 -0.999796 -3.97624
0.529826 -0.848106 0.000898582 -48.2082 -0.847982 -0.529731 0.0176415 -27.5419 -0.0144858 -0.0101089 -0.999844 -3.98056
0.530118 -0.847917 0.00334064 -47.7632 -0.847809 -0.529977 0.0185497 -27.2866 -0.0139582 -0.0126658 -0.999822 -3.98287
0.530024 -0.847952 0.00720732 -47.32 -0.84789 -0.529821 0.0193068 -27.0292 -0.0125526 -0.0163441 -0.999788 -3.98536
0.532997 -0.846085 0.00732488 -46.8569 -0.846002 -0.532762 0.021097 -26.7593 -0.0139474 -0.0174415 -0.999751 -3.98351
0.522073 -0.852864 0.00793073 -46.4197 -0.8528 -0.521845 0.020247 -26.5113 -0.0131293 -0.0173337 -0.999764 -3.9846
0.506176 -0.862366 0.0105082 -45.9672 -0.862412 -0.506048 0.0126835 -26.2593 -0.00562014 -0.0154825 -0.999864 -3.98418
0.503146 -0.864201 -0.000840569 -45.4564 -0.864082 -0.503092 0.0161503 -25.9909 -0.01438 -0.00739961 -0.999869 -3.98409
0.500382 -0.86578 -0.00651245 -44.9737 -0.865647 -0.50042 0.0153072 -25.7308 -0.0165117 -0.00202198 -0.999862 -3.98553
0.498547 -0.866855 -0.00366226 -44.5137 -0.866695 -0.49853 0.0175413 -25.4869 -0.0170315 -0.00557108 -0.999839 -3.98742
0.494385 -0.869241 0.00161791 -44.0496 -0.868989 -0.494195 0.02509 -25.2484 -0.0210097 -0.0138101 -0.999684 -3.98725
0.494169 -0.869343 0.00621502 -43.5972 -0.869087 -0.493817 0.0288569 -25.0111 -0.0220175 -0.0196616 -0.999564 -3.98788
0.493127 -0.869923 0.0076743 -43.145 -0.869712 -0.492759 0.0281022 -24.7736 -0.0206651 -0.0205324 -0.999576 -3.98789
0.492109 -0.870526 0.00358834 -42.6794 -0.870294 -0.491873 0.0254745 -24.5329 -0.0204112 -0.0156591 -0.999669 -3.99019
0.491569 -0.870831 0.00366504 -42.2349 -0.87074 -0.491446 0.0170747 -24.2978 -0.013068 -0.0115847 -0.999848 -3.99146
0.491306 -0.870986 0.00108959 -41.7667 -0.870913 -0.491248 0.0136419 -24.0575 -0.0113466 -0.00765128 -0.999906 -3.99174
0.488714 -0.872444 -0.000853995 -41.3229 -0.872342 -0.488671 0.0148208 -23.8272 -0.0133477 -0.00649817 -0.99989 -3.99326
0.487711 -0.873005 0.000359601 -40.8306 -0.87292 -0.487658 0.0141375 -23.5754 -0.0121667 -0.00720892 -0.9999 -3.99199
0.487638 -0.873046 0.00034338 -40.3707 -0.87268 -0.487423 0.0291255 -23.3483 -0.0252605 -0.0145024 -0.999576 -3.99514
0.486721 -0.873552 0.00309244 -39.9109 -0.873357 -0.486531 0.0231331 -23.1115 -0.0187034 -0.0139602 -0.999728 -3.99688
0.486463 -0.873623 0.0117115 -39.4506 -0.873606 -0.486169 0.0212681 -22.8725 -0.0128865 -0.0205774 -0.999705 -3.9986
0.48956 -0.871844 0.0148021 -39.0034 -0.871952 -0.489374 0.0145623 -22.6405 -0.00545226 -0.0200358 -0.999784 -3.99846
0.462961 -0.886235 0.015954 -38.6031 -0.886104 -0.46319 -0.0165803 -22.4298 0.0220838 -0.00646084 -0.999735 -3.99674
0.400642 -0.916147 0.0126993 -38.4351 -0.916124 -0.400771 -0.00996638 -22.3604 0.0142202 -0.00764117 -0.99987 -3.99347
0.349927 -0.936777 8.72713e-05 -38.3189 -0.936768 -0.349923 0.00448541 -22.3193 -0.00417129 -0.00165132 -0.99999 -3.99401
0.276949 -0.960867 -0.00575947 -38.1348 -0.960806 -0.276998 0.0110867 -22.2631 -0.0122482 0.00246328 -0.999922 -3.99983
0.212617 -0.977134 -0.00186045 -38.0558 -0.976942 -0.212612 0.019519 -22.2441 -0.0194682 -0.00233252 -0.999808 -3.99206
0.159842 -0.987107 0.00836057 -37.9418 -0.987091 -0.159741 0.0115527 -22.2249 -0.0100682 -0.0100992 -0.999898 -3.99977
0.113831 -0.993457 0.00928726 -37.7498 -0.993394 -0.113951 -0.0135312 -22.204 0.0145009 -0.00768564 -0.999865 -3.99896
0.0382901 -0.999259 0.0040317 -37.6323 -0.999261 -0.0383032 -0.00322522 -22.1934 0.00337726 -0.00390523 -0.999987 -3.99578
-0.0448792 -0.998992 -0.00135606 -37.5054 -0.998989 0.0448823 -0.00237546 -22.1975 0.00243392 0.00124809 -0.999996 -3.99095
-0.121284 -0.992618 3.23421e-05 -37.4408 -0.992551 0.121277 0.011586 -22.211 -0.0115044 0.0013731 -0.999933 -3.99682
-0.188574 -0.98204 0.00606917 -37.3368 -0.98199 0.18863 0.0106828 -22.2328 -0.0116358 -0.00394536 -0.999925 -3.99643
-0.24579 -0.969308 0.00535974 -37.1961 -0.969323 0.245785 -0.00149908 -22.2605 0.000135727 -0.00556378 -0.999985 -3.99364
-0.315099 -0.949055 0.00264071 -37.0928 -0.949049 0.315081 -0.00547798 -22.2983 0.00436687 -0.00423226 -0.999982 -3.99004
-0.394832 -0.918748 -0.00292421 -36.9361 -0.918753 0.394831 0.000967319 -22.3599 0.000265848 0.00306856 -0.999995 -3.99398
-0.465781 -0.884874 0.00679037 -36.88 -0.884853 0.465822 0.00669915 -22.3905 -0.009091 -0.00288815 -0.999955 -3.98899
-0.519389 -0.854464 0.0112004 -36.8237 -0.854487 0.519457 0.00410784 -22.4278 -0.00932813 -0.00743702 -0.999929 -3.99577
-0.525914 -0.850536 -0.00169258 -36.3906 -0.850501 0.525909 -0.0082642 -22.7091 0.00791914 -0.00290672 -0.999964 -4.0003
-0.531676 -0.846896 -0.0093335 -35.9504 -0.846789 0.531757 -0.0134982 -22.9957 0.0163947 0.000726832 -0.999865 -4.00095
-0.506167 -0.862402 0.00765158 -35.5225 -0.862345 0.506222 0.0100324 -23.2849 -0.0125254 -0.00152023 -0.99992 -4.00016
-0.467791 -0.883709 0.0151718 -35.4271 -0.883717 0.467943 0.00858895 -23.3401 -0.0146897 -0.00938976 -0.999848 -4.00146
-0.433797 -0.90101 0.000987218 -35.0379 -0.90098 0.433772 -0.00878625 -23.5439 0.00748827 -0.00470091 -0.999961 -4.00595
-0.383109 -0.923693 -0.0043938 -34.8398 -0.923671 0.383131 -0.00649421 -23.6439 0.00768206 0.00157044 -0.999969 -4.00797
-0.320283 -0.947322 1.5289e-05 -34.7333 -0.947322 0.320283 0.000489673 -23.6953 -0.000468774 0.00014235 -1 -4.00481
-0.22447 -0.974478 -0.00237437 -34.6376 -0.974434 0.224482 -0.00922913 -23.727 0.00952659 0.000242007 -0.999955 -4.006
-0.160341 -0.987056 0.00331032 -34.5814 -0.986979 0.160283 -0.0134541 -23.7349 0.0127494 -0.00542447 -0.999904 -4.01378
-0.0872359 -0.996185 0.00232713 -34.5145 -0.996184 0.0872288 -0.00301097 -23.7495 0.00279649 -0.00258092 -0.999993 -4.01099
-0.0149104 -0.999882 -0.00365613 -34.4554 -0.999876 0.0149284 -0.00493973 -23.7481 0.00499373 0.00358203 -0.999981 -4.01209
0.0655127 -0.997851 0.00102081 -34.4102 -0.997783 -0.0655202 -0.0116977 -23.7396 0.0117394 -0.000252203 -0.999931 -4.00721
0.13597 -0.990706 0.00367473 -34.3319 -0.990665 -0.135998 -0.00931764 -23.7276 0.0097308 -0.00237351 -0.99995 -4.01744
0.199683 -0.979855 -0.00336541 -34.2643 -0.979849 -0.199696 0.00414807 -23.7223 -0.00473657 0.0024693 -0.999986 -4.01356
0.263308 -0.964696 -0.00545502 -34.2012 -0.964702 -0.263327 0.00306595 -23.7112 -0.00439417 0.00445517 -0.99998 -4.01372
0.357905 -0.933756 -0.00192023 -34.1447 -0.933747 -0.35789 -0.0056297 -23.686 0.00456953 0.00380791 -0.999982 -4.01253
0.414085 -0.91023 0.00382292 -34.0866 -0.910194 -0.414103 -0.00810079 -23.6579 0.00895667 -0.000125178 -0.99996 -4.02207
0.42198 -0.906604 0.00114083 -33.6087 -0.90659 -0.42198 -0.00526552 -23.454 0.00525515 0.00118768 -0.999985 -4.02302
0.456522 -0.889497 -0.0195781 -33.252 -0.889446 -0.456813 0.014404 -23.3077 -0.0217558 0.0108379 -0.999705 -4.02254
0.486468 -0.873658 -0.00836035 -32.9237 -0.873698 -0.486456 -0.0036247 -23.1305 -0.000900192 0.00906771 -0.999958 -4.0282
0.477076 -0.878851 0.00429615 -32.43 -0.878557 -0.477034 -0.0239955 -22.8792 0.0231379 0.00767328 -0.999703 -4.03396
0.479671 -0.877436 0.00475247 -31.9785 -0.877186 -0.479653 -0.0218572 -22.6529 0.0214578 0.00631546 -0.99975 -4.04055
0.479571 -0.877466 0.00808849 -31.4948 -0.877393 -0.479637 -0.0113988 -22.4073 0.0138816 -0.00163023 -0.999902 -4.04609
0.479932 -0.877273 0.00753109 -31.0295 -0.877244 -0.479982 -0.00777963 -22.1798 0.0104397 -0.00287291 -0.999941 -4.04677
0.48407 -0.875 0.00714359 -30.5751 -0.874934 -0.484122 -0.0107864 -21.9485 0.0128964 -0.00102881 -0.999916 -4.05004
0.488422 -0.872596 0.0045463 -30.0882 -0.872471 -0.488431 -0.0151815 -21.6938 0.0154679 0.00344846 -0.999874 -4.05523
0.492268 -0.87039 0.00970732 -29.6258 -0.870234 -0.492363 -0.0164409 -21.4537 0.0190895 -0.000354336 -0.999818 -4.06037
0.49261 -0.870154 0.0129363 -29.1587 -0.870067 -0.492757 -0.0131914 -21.2107 0.017853 -0.00475721 -0.999829 -4.0639
0.496436 -0.868008 0.0106401 -28.6954 -0.86792 -0.496541 -0.0127335 -20.968 0.016336 -0.00291338 -0.999862 -4.06788
0.502551 -0.864412 0.0152711 -28.3051 -0.864329 -0.502743 -0.0136181 -20.7647 0.0194491 -0.00635549 -0.999791 -4.06982
0.496994 -0.867701 0.00955077 -28.0101 -0.867626 -0.49708 -0.0116942 -20.6072 0.0148946 -0.00247455 -0.999886 -4.07394
0.500724 -0.865495 0.013877 -27.5651 -0.865562 -0.500798 -0.00216671 -20.3733 0.00882485 -0.0109265 -0.999901 -4.07989
0.492765 -0.86974 0.027116 -27.1123 -0.869643 -0.493308 -0.0191887 -20.1323 0.0300657 -0.0141257 -0.999448 -4.0803
0.493068 -0.869606 0.0258777 -26.6631 -0.869545 -0.493549 -0.0173269 -19.9004 0.0278395 -0.0139585 -0.999515 -4.07965
0.497852 -0.867242 0.00594231 -26.204 -0.86716 -0.497887 -0.0119289 -19.662 0.0133038 0.000785872 -0.999911 -4.08105
0.493196 -0.869911 0.00348052 -25.7568 -0.869861 -0.493206 -0.00942771 -19.4242 0.00991788 0.00162214 -0.99995 -4.08672
0.4969 -0.867759 0.0091433 -25.2991 -0.867714 -0.496974 -0.00945062 -19.1834 0.0127448 -0.00323775 -0.999914 -4.09278
0.495824 -0.86828 0.015754 -24.8526 -0.868182 -0.496032 -0.0145409 -18.9464 0.0204401 -0.00646761 -0.99977 -4.1002
0.495475 -0.868467 0.0164006 -24.4023 -0.868299 -0.495717 -0.0179141 -18.709 0.0236878 -0.00536462 -0.999705 -4.10238
0.492409 -0.870082 0.0221579 -23.955 -0.869818 -0.492842 -0.0228794 -18.4752 0.0308273 -0.00800733 -0.999493 -4.10712
0.494443 -0.869073 0.0154104 -23.5049 -0.868694 -0.494683 -0.0256809 -18.2382 0.0299418 -0.000689202 -0.999551 -4.11072
0.494051 -0.869242 0.0182477 -23.0411 -0.868986 -0.494361 -0.0217079 -17.9938 0.0278903 -0.00513215 -0.999598 -4.11345
0.523968 -0.851716 0.00614718 -22.7391 -0.851738 -0.523952 0.00414971 -17.8362 -0.000313547 -0.0074101 -0.999972 -4.11802
0.524735 -0.851099 0.0168552 -22.2902 -0.851052 -0.524944 -0.0119856 -17.5779 0.0190489 -0.00805541 -0.999786 -4.12468
0.530722 -0.84734 0.0186985 -21.849 -0.846907 -0.531049 -0.0271179 -17.3196 0.0329079 -0.00144387 -0.999457 -4.1306
0.534198 -0.845025 0.0237546 -21.4039 -0.844569 -0.534703 -0.0282117 -17.0587 0.0365412 -0.00499174 -0.99932 -4.13589
0.537795 -0.842609 0.0280658 -20.9406 -0.842309 -0.538427 -0.0247216 -16.7888 0.035942 -0.0103449 -0.9993 -4.13627
0.538919 -0.842042 0.0230759 -20.5017 -0.841791 -0.539359 -0.0219169 -16.5235 0.0309012 -0.00761365 -0.999493 -4.13881
0.54017 -0.841352 0.0185171 -20.054 -0.841132 -0.540465 -0.0198718 -16.2634 0.026727 -0.00484119 -0.999631 -4.14056
0.53987 -0.841563 0.0177013 -19.6213 -0.84143 -0.540125 -0.0161674 -16.008 0.0231668 -0.0061661 -0.999713 -4.14574
0.541423 -0.84062 0.014831 -19.17 -0.840411 -0.541621 -0.0188771 -15.7464 0.0239012 -0.00224363 -0.999712 -4.14984
0.595951 -0.802856 0.0162546 -19.003 -0.802727 -0.596158 -0.0150145 -15.6346 0.0217448 -0.00410009 -0.999755 -4.15062
0.656438 -0.754227 0.0151643 -18.9051 -0.753808 -0.656591 -0.0257252 -15.5558 0.0293594 0.00545606 -0.999554 -4.15251
0.724803 -0.688773 0.0158938 -18.8351 -0.688297 -0.724925 -0.0270387 -15.4903 0.0301454 0.00865805 -0.999508 -4.153
0.775559 -0.630994 0.0188475 -18.8018 -0.630541 -0.775751 -0.0250648 -15.4469 0.0304367 0.00755507 -0.999508 -4.16594
0.815185 -0.57888 0.0192623 -18.7557 -0.578566 -0.815398 -0.0197006 -15.3818 0.0271107 0.00491515 -0.99962 -4.16642
0.870484 -0.49211 0.00927153 -18.7062 -0.491972 -0.870501 -0.0138323 -15.3186 0.0148779 0.00747948 -0.999861 -4.15877
0.906617 -0.421567 0.0180494 -18.6791 -0.421218 -0.906733 -0.0202508 -15.2578 0.024903 0.010757 -0.999632 -4.16807
0.93087 -0.364965 0.0167544 -18.6593 -0.364766 -0.930997 -0.0138017 -15.2022 0.0206354 0.00673613 -0.999764 -4.16568
0.965706 -0.259196 0.0151759 -18.6245 -0.258904 -0.96572 -0.0187984 -15.1029 0.0195281 0.0142246 -0.999708 -4.16328
0.977526 -0.208935 0.0280846 -18.6124 -0.208405 -0.977824 -0.0206575 -15.0195 0.0317779 0.0143403 -0.999392 -4.16772
0.983411 -0.181146 0.00939543 -18.4906 -0.181041 -0.983413 -0.0110679 -14.5229 0.0112445 0.00918336 -0.999895 -4.17687
0.994105 -0.108379 0.00314715 -18.4781 -0.108336 -0.994048 -0.011474 -14.4412 0.00437196 0.0110654 -0.999929 -4.1766
0.998304 -0.0552284 0.0184197 -18.4678 -0.0549017 -0.998333 -0.0177935 -14.3272 0.0193717 0.016752 -0.999672 -4.18087
0.999819 -0.00569588 0.0181253 -18.4685 -0.00551457 -0.999934 -0.0100372 -14.1887 0.0181813 0.00993543 -0.999785 -4.18906
0.995522 0.0939823 0.0101445 -18.4729 0.0940832 -0.995514 -0.00997559 -14.1012 0.00916147 0.0108854 -0.999899 -4.18816
0.989921 0.139286 0.0256261 -18.4934 0.139477 -0.990208 -0.00582846 -14.0053 0.0245633 0.00934396 -0.999655 -4.19627
0.985541 0.169419 -0.00232579 -18.51 0.169354 -0.985404 -0.0172431 -13.8577 -0.00521314 0.0165999 -0.999849 -4.20186
0.970561 0.240321 -0.0160504 -18.5176 0.239761 -0.970347 -0.0306875 -13.8037 -0.0229493 0.0259358 -0.9994 -4.2016
0.951751 0.306792 -0.00701838 -18.5336 0.306501 -0.951475 -0.0274493 -13.7424 -0.015099 0.0239738 -0.999599 -4.20206
0.941559 0.336533 0.0145386 -18.6917 0.336766 -0.941403 -0.0186871 -13.2444 0.0073979 0.0224911 -0.99972 -4.22721
0.940818 0.338394 0.0187562 -18.8479 0.338677 -0.940788 -0.0146958 -12.7459 0.0126727 0.0201783 -0.999716 -4.24303
0.956122 0.292167 0.0216546 -18.9579 0.29235 -0.956294 -0.00578925 -12.3672 0.0190168 0.011866 -0.999749 -4.25202
0.976067 0.216715 0.0181025 -18.9819 0.216904 -0.976149 -0.00925404 -12.271 0.0156652 0.0129591 -0.999793 -4.24927
0.98975 0.142109 0.0141633 -18.9958 0.142268 -0.989768 -0.0109515 -12.1943 0.0124621 0.0128542 -0.99984 -4.25062
0.996865 0.0783219 0.0112075 -19.0005 0.0785062 -0.996767 -0.0170723 -12.1215 0.00983416 0.0178986 -0.999791 -4.25089
0.999739 -0.0227997 -0.00122181 -18.9983 -0.0228173 -0.999592 -0.017182 -12.0458 -0.000829569 0.0172054 -0.999852 -4.24718
0.99557 -0.0940249 -8.16237e-06 -18.9939 -0.0940151 -0.995465 -0.014508 -11.9856 0.00135599 0.0144445 -0.999895 -4.2577
0.988613 -0.149964 0.0124418 -18.9817 -0.149746 -0.98858 -0.0168955 -11.9117 0.0148335 0.01484 -0.99978 -4.25627
0.969575 -0.244153 0.0176823 -18.9683 -0.243852 -0.969653 -0.0175998 -11.8493 0.0214427 0.0127525 -0.999689 -4.25087
0.943985 -0.329869 0.00890316 -18.9519 -0.329653 -0.943898 -0.0196321 -11.8012 0.0148797 0.0155975 -0.999768 -4.25928
0.892381 -0.451263 0.00422947 -18.9184 -0.451193 -0.892352 -0.0115144 -11.7278 0.00897019 0.00836691 -0.999925 -4.25738
0.865326 -0.500865 0.0185712 -18.8986 -0.500641 -0.865516 -0.0155111 -11.6876 0.0238426 0.00412462 -0.999707 -4.25407
0.831643 -0.55522 0.0100172 -18.8703 -0.554992 -0.831641 -0.0188966 -11.6479 0.0188225 0.0101558 -0.999771 -4.25689
0.771547 -0.636036 0.0131673 -18.839 -0.635777 -0.771632 -0.0192969 -11.6054 0.0224339 0.00651703 -0.999727 -4.25041
0.7085 -0.705615 0.0116124 -18.7983 -0.705419 -0.708585 -0.0170692 -11.5653 0.0202727 0.00390193 -0.999787 -4.25425
0.664391 -0.747172 0.017836 -18.7599 -0.746934 -0.66463 -0.0188877 -11.5343 0.0259667 -0.000773484 -0.999663 -4.2513
0.604227 -0.796562 0.0199511 -18.7106 -0.796265 -0.60455 -0.0219244 -11.5007 0.0295256 -0.0026391 -0.999561 -4.25373
0.56619 -0.824113 0.0163385 -18.2752 -0.823881 -0.566421 -0.0196775 -11.214 0.0254709 -0.00231976 -0.999673 -4.26039
0.55182 -0.833848 0.0138797 -17.8338 -0.833582 -0.551995 -0.0210474 -10.9329 0.0252118 4.44652e-05 -0.999682 -4.26556
0.545527 -0.837973 0.014168 -17.4072 -0.837749 -0.54571 -0.0194286 -10.6693 0.0240123 -0.00127036 -0.999711 -4.26702
0.542726 -0.839707 0.01843 -16.9612 -0.839408 -0.54303 -0.0226482 -10.3991 0.0290259 -0.00317855 -0.999574 -4.27237
0.534219 -0.84502 0.0235018 -16.5143 -0.844706 -0.53469 -0.0240695 -10.1359 0.0329054 -0.00699376 -0.999434 -4.27474
0.530127 -0.847579 0.0239724 -16.0791 -0.847082 -0.530648 -0.0294142 -9.88761 0.0376518 -0.00471332 -0.99928 -4.27798
0.526217 -0.850123 0.0196643 -15.6276 -0.849612 -0.526583 -0.02948 -9.63369 0.0354165 -0.00119418 -0.999372 -4.28078
0.519592 -0.854078 0.0239837 -15.1829 -0.853656 -0.520108 -0.0275319 -9.38272 0.0359885 -0.00616846 -0.999333 -4.28347
0.514375 -0.857217 0.0244656 -14.7289 -0.856676 -0.514931 -0.0308704 -9.13557 0.0390607 -0.00508012 -0.999224 -4.28699
0.508819 -0.860449 0.0270302 -14.277 -0.860017 -0.509462 -0.0286275 -8.88545 0.0384033 -0.00868017 -0.999225 -4.29107
0.50118 -0.864816 0.0301893 -13.8287 -0.864302 -0.501983 -0.0315418 -8.63627 0.0424324 -0.0102846 -0.999046 -4.2921
0.499797 -0.86556 0.0317693 -13.3853 -0.864892 -0.50071 -0.0353762 -8.40172 0.0465275 -0.00979608 -0.998869 -4.29386
0.496813 -0.867362 0.0293281 -12.9382 -0.866576 -0.497632 -0.0375318 -8.16079 0.0471483 -0.00676881 -0.998865 -4.29653
0.490061 -0.871277 0.0267628 -12.4799 -0.870659 -0.490743 -0.0335276 -7.92137 0.0423455 -0.00687069 -0.999079 -4.29809
0.486474 -0.873409 0.0223588 -12.0338 -0.872698 -0.486981 -0.0353111 -7.68814 0.0417294 -0.0023346 -0.999126 -4.30187
0.481605 -0.876044 0.024586 -11.5726 -0.875308 -0.482214 -0.0361381 -7.44851 0.0435143 -0.00411597 -0.999044 -4.30627
0.473479 -0.880253 0.0311706 -11.1038 -0.879518 -0.474404 -0.0372781 -7.21447 0.0476016 -0.00976464 -0.998819 -4.31049
0.469353 -0.882472 0.0308447 -10.655 -0.881517 -0.470304 -0.0417406 -6.9892 0.0513413 -0.00759906 -0.998652 -4.31306
0.463958 -0.885408 0.028215 -10.1977 -0.884603 -0.46476 -0.0384079 -6.76511 0.0471198 -0.00713938 -0.998864 -4.31574
0.503559 -0.863259 0.0348049 -9.74414 -0.862033 -0.504718 -0.046473 -6.53906 0.057685 -0.00660107 -0.998313 -4.31533
0.515793 -0.855883 0.0376939 -9.28202 -0.855126 -0.517016 -0.038123 -6.28715 0.0521172 -0.0125694 -0.998562 -4.32056
0.518128 -0.854654 0.0333161 -8.82928 -0.853964 -0.519103 -0.0357311 -6.03841 0.0478322 -0.0099375 -0.998806 -4.32485
0.520532 -0.853272 0.0312114 -8.34231 -0.852528 -0.521411 -0.0364196 -5.76567 0.0473498 -0.00765103 -0.998849 -4.32443
0.521746 -0.852513 0.0316591 -7.90112 -0.851198 -0.522701 -0.0473911 -5.50672 0.0569498 -0.00222208 -0.998375 -4.32395
0.523034 -0.851705 0.0321452 -7.44634 -0.850265 -0.524019 -0.0495366 -5.24997 0.0590353 -0.00142258 -0.998255 -4.32671
0.52307 -0.851896 0.0259194 -6.96478 -0.850641 -0.523707 -0.0462619 -4.96401 0.0529845 0.00215013 -0.998593 -4.33162
0.524173 -0.851168 0.0274751 -6.50785 -0.849932 -0.524892 -0.0458579 -4.70601 0.0534543 0.000685533 -0.99857 -4.33445
0.526657 -0.849585 0.0289425 -6.06694 -0.848691 -0.527437 -0.0391647 -4.45641 0.0485392 -0.0039369 -0.998814 -4.3383
0.527682 -0.848762 0.0339789 -5.59675 -0.84795 -0.528704 -0.0381213 -4.19481 0.0503206 -0.00869648 -0.998695 -4.34665
0.527563 -0.848708 0.0370462 -5.15488 -0.847999 -0.528725 -0.036707 -3.93949 0.0507407 -0.0120498 -0.998639 -4.35526
0.529447 -0.847699 0.0330497 -4.70741 -0.846772 -0.530435 -0.0401927 -3.68041 0.0516021 -0.00670565 -0.998645 -4.35654
0.527618 -0.848964 0.0296593 -4.25883 -0.848084 -0.528431 -0.0389165 -3.42392 0.0487116 -0.00462051 -0.998802 -4.35981
0.527234 -0.849224 0.0290185 -3.80842 -0.84839 -0.528012 -0.0379261 -3.16342 0.0475299 -0.00462307 -0.998859 -4.36303
0.528607 -0.848263 0.0319946 -3.35233 -0.847354 -0.529539 -0.0397389 -2.90033 0.0506514 -0.0061045 -0.998698 -4.36643
0.526832 -0.849092 0.038594 -2.90003 -0.848187 -0.528124 -0.0407779 -2.63836 0.0550066 -0.0112518 -0.998423 -4.37083
0.522983 -0.851583 0.0359817 -2.44893 -0.850321 -0.524184 -0.0467491 -2.37913 0.0586717 -0.00614702 -0.998258 -4.37149
0.523449 -0.851283 0.0362947 -1.99233 -0.850097 -0.524659 -0.0454705 -2.11651 0.0577506 -0.00705248 -0.998306 -4.3751
0.52145 -0.852444 0.0378085 -1.5203 -0.851443 -0.522723 -0.0425048 -1.84998 0.0559963 -0.0100276 -0.998381 -4.37682
0.520317 -0.853353 0.0325465 -1.08224 -0.852591 -0.521264 -0.0370285 -1.59237 0.0485637 -0.0084823 -0.998784 -4.37852
0.548415 -0.835971 0.0198149 -0.672686 -0.835832 -0.548724 -0.016898 -1.36242 0.0249992 -0.00729482 -0.999661 -4.38444
0.607622 -0.793909 0.0224318 -0.585911 -0.793386 -0.608036 -0.0288343 -1.30375 0.0365312 -0.000276749 -0.999332 -4.38398
0.638038 -0.769207 0.0350366 -0.264465 -0.767555 -0.638976 -0.0506851 -1.05098 0.0613749 0.00544652 -0.9981 -4.39452
0.625003 -0.779566 0.0405948 0.0550542 -0.77796 -0.62632 -0.0500109 -0.808879 0.0644122 -0.00032421 -0.997923 -4.39708
