1772316443.4999781
1772316449.5999758
1772316452.7999771
1772316455.899967
1772316459.0999842
1772316462.0999799
1772316465.099987
1772316468.1999829
1772316471.1999819
1772316474.0999801
1772316476.8999712
1772316479.7999721
1772316482.7999682
1772316485.7999709
1772316488.5999758
1772316491.2999821
1772316494.2999771
1772316496.8999739
1772316499.3999801
1772316502.099982
1772316504.7999692
1772316507.4999721
1772316510.0999851
1772316512.6999722
1772316515.1999891
1772316517.699981
1772316520.1999822
1772316522.399982
1772316524.0999858
1772316526.3999882
1772316528.399976
1772316530.3999794
1772316532.4999828
1772316534.5999842
1772316536.3999808
1772316538.0999889
1772316539.8999848
1772316541.699981
1772316543.4999802
1772316545.2999902
1772316547.0999911
1772316548.9999862
1772316550.7999752
1772316552.4999881
1772316554.199986
1772316555.8999701
1772316557.7999721
1772316559.7999742
1772316561.699976
1772316563.5999751
1772316565.5999861
1772316567.599978
1772316569.599978
1772316571.4999831
1772316573.3999741
1772316575.2999794
1772316577.1999829
1772316578.9999959
1772316580.9999912
1772316581.9999962
1772316583.999994
1772316585.7999766
1772316587.5999811
1772316589.299984
1772316590.9999869
1772316592.6999745
1772316594.299979
1772316595.9999862
1772316597.5999739
1772316599.199981
1772316600.7999766
1772316602.3999751
1772316603.9999869
1772316605.5999849
1772316607.0999873
1772316608.6999879
1772316610.2999899
1772316611.999995
1772316614.8999882
1772316615.4999964
1772316616.200007
1772316616.999994
1772316617.6999853
1772316618.200007
1772316618.6999922
1772316619.099999
1772316619.299984
1772316619.5999711
1772316620.0000241
1772316620.3999894
1772316620.6999879
1772316620.900002
1772316621.2999971
1772316621.6999969
1772316622.1000018
1772316622.2999971
1772316622.5999928
1772316622.9999938
1772316623.299974
1772316623.49999
1772316623.7999842
1772316627.7999821
1772316629.9999971
1772316631.8999832
1772316633.6999841
1772316635.400003
1772316636.4999962
1772316638.2999959
1772316639.8999801
1772316641.4999881
1772316643.1000018
1772316644.6999872
1772316646.3999949
1772316648.0999973
1772316649.7999909
1772316651.4999859
1772316653.200001
1772316654.899977
1772316655.2999969
1772316656.999995
1772316658.5999849
1772316660.2999961
1772316661.999999
1772316663.6999862
1772316665.3999894
1772316667.1000049
1772316668.69999
1772316670.2999899
1772316671.8999751
1772316673.4999821
1772316675.0999839
1772316682.2999873
1772316684.9999921
1772316687.1000106
1772316687.6999841
1772316688.500001
1772316689.2999942
1772316689.8999951
1772316690.1999879
1772316690.6999998
1772316691.2000058
1772316691.599998
1772316691.7999873
1772316692.0999932
1772316693.4999778
1772316693.7999804
1772316694.1000152
1772316694.3000042
1772316694.8000031
1772316695.199995
1772316695.5999918
1772316695.7999969
1772316696.0999799
1772316696.5999959
1772316697.0000048
1772316697.3999801
1772316697.5999877
1772316699.399982
1772316701.0999901
1772316702.7999771
1772316704.3999882
1772316705.9999979
1772316707.4999821
1772316708.9999959
1772316710.49998
1772316716.299988
1772316718.5999811
1772316720.799979
1772316722.5999842
1772316724.0999951
1772316725.0999911
1772316726.9999943
1772316728.3999782
1772316728.999989
1772316729.49999
1772316729.8999739
1772316730.899966
1772316731.6999741
1772316732.2999873
1772316732.6999722
1772316732.8999932
1772316733.5999799
1772316734.1000106
1772316734.5999956
1772316734.8999641
1772316735.3999918
1772316735.999989
1772316736.599987
1772316736.899981
1772316737.1999979
1772316738.8999889
1772316739.3999894
1772316739.8999698
1772316741.1999831
1772316743.0999908
1772316743.899987
1772316745.6999772
1772316749.3999932
1772316752.4999831
1772316755.299993
1772316757.599987
1772316759.4999769
1772316761.399987
1772316763.1999869
1772316764.99999
1772316766.6999743
1772316768.3999839
1772316770.0999839
1772316771.9999969
1772316773.6999819
1772316775.3999829
1772316777.0999892
1772316778.6999753
1772316780.499985
1772316782.299984
1772316784.3999848
1772316786.399992
1772316788.2999811
1772316790.2999859
1772316792.2999859
1772316794.4999771
1772316796.6999738
1772316798.899971
1772316801.0999858
1772316803.1999865
1772316805.0999839
1772316806.9999962
1772316808.8999701
1772316810.9999871
1772316813.099987
1772316815.0999892
1772316817.0999849
1772316818.999989
1772316820.7999749
1772316822.6999841
1772316824.4999831
1772316826.3999879
1772316828.1999879
1772316829.8999813
1772316831.6999829
1772316833.2999899
1772316834.9999912
1772316836.5999818
1772316838.2999892
1772316839.9999859
1772316841.6999803
1772316843.399982
1772316845.0999858
1772316846.8999901
1772316848.8999698
1772316850.6999772
1772316852.399987
1772316854.1999903
1772316855.8999729
1772316857.9999962
1772316859.7999771
1772316861.4999831
1772316863.3999882
1772316865.3999856
1772316867.1000028
1772316868.9999897
1772316871.299984
1772316873.5999792
1772316875.7999761
1772316877.9999943
1772316880.2999821
1772316882.599978
1772316884.7999809
1772316887.199991
1772316889.3999758
1772316891.4999921
1772316893.5999851
1772316895.799973
1772316898.0999951
1772316900.2999859
1772316902.3999825
1772316904.4999909
1772316906.599988
1772316908.8999748
1772316910.8999758
1772316912.9999969
1772316914.8999791
1772316916.8999772
1772316918.8999717
1772316920.7999818
1772316922.6999784
1772316924.5999808
1772316926.4999821
1772316928.3999851
1772316930.3999894
1772316932.4999869
1772316934.3999903
1772316936.2999909
1772316938.1999903
1772316940.399987
1772316942.69998
1772316944.7999759
1772316947.099988
1772316949.1999907
1772316951.3999951
1772316953.5999811
1772316955.6999831
1772316957.5999832
1772316959.4999821
1772316961.3999889
1772316963.3999882
1772316965.19999
1772316967.0999923
1772316968.999994
1772316970.9999881
1772316972.899976
1772316974.7999873
1772316976.699975
1772316978.4999828
1772316980.299988
1772316982.0999849
1772316983.9999881
1772316985.8999717
1772316987.799978
1772316989.5999749
1772316991.3999865
1772316993.0999913
1772316994.8999658
1772316996.6999779
1772316998.399977
1772317000.19999
1772317002.1999907
1772317004.0999811
1772317005.799979
1772317007.3999825
1772317008.9999881
1772317010.599973
1772317012.1999884
1772317013.8999729
1772317015.4999802
1772317017.199991
1772317018.7999701
1772317020.4999731
1772317022.0999818
1772317023.699971
1772317026.3999949
1772317026.899982
1772317027.3999791
1772317027.8999641
1772317028.0999839
1772317028.2999804
1772317028.7
1772317029.2000132
1772317029.3999801
1772317029.599987
1772317029.8999889
1772317030.1999791
1772317030.4000072
1772317030.6000071
1772317030.800004
1772317031.0999889
1772317031.399987
1772317031.6999867
1772317031.8999786
1772317032.199981
1772317032.3999658
1772317032.5999858
1772317035.8999758
1772317037.4999793
1772317038.9999881
1772317040.4999838
1772317041.9999862
1772317043.499979
1772317045.0999901
1772317046.8999732
1772317048.5999773
1772317050.3999901
1772317051.899987
1772317053.7999721
1772317055.8999829
1772317064.0999928
1772317067.4999769
1772317070.1999922
1772317072.5999758
1772317074.8999729
1772317077.1999862
1772317079.49998
1772317081.7999735
1772317084.0999868
1772317086.3999801
1772317088.3999798
1772317090.4999781
1772317092.499979
1772317094.499984
1772317096.49998
1772317098.6999741
1772317100.8999782
1772317103.0999901
1772317105.0999932
1772317106.9999857
1772317108.8999801
1772317111.000001
1772317113.1999853
1772317114.9999917
1772317116.6999741
1772317118.599972
1772317120.2999849
1772317122.1999822
1772317123.8999689
1772317125.5999718
1772317127.2999859
1772317128.7999711
1772317130.2999811
1772317131.799969
1772317133.3999834
1772317134.9999919
1772317136.5999751
1772317138.1999822
1772317139.6999779
1772317141.2999821
1772317142.8999829
1772317144.5999751
1772317146.0999832
1772317147.6999819
1772317149.2999921
1772317150.7999721
1772317152.2999859
1772317153.8999741
1772317155.399982
1772317156.8999741
1772317158.3999801
1772317159.7999718
1772317161.1999881
1772317162.5999787
1772317164.0999939
1772317165.5999832
1772317166.9999881
1772317168.399987
1772317169.8999782
1772317171.2999873
1772317172.6999755
1772317173.9999862
1772317175.3999879
1772317176.1999941
1772317176.6999741
1772317177.3999894
1772317177.7999909
1772317178.000005
1772317178.5999839
1772317178.899986
1772317179.200027
1772317179.399981
1772317179.6999815
1772317180.0000079
1772317180.3000069
1772317180.4999928
1772317180.7999766
1772317181.099997
1772317181.2999752
1772317181.5999887
1772317182.9999871
1772317183.2999933
1772317183.5999961
1772317185.1999938
1772317186.8999801
1772317188.4999793
1772317189.9999888
1772317191.3999863
1772317192.8999701
1772317194.2999809
1772317195.6999731
1772317196.99999
1772317198.3999798
1772317199.6999731
1772317200.999984
1772317202.5999742
1772317203.9999921
1772317205.2999809
1772317206.6999772
1772317208.0999901
1772317209.4999781
1772317210.8999791
1772317212.2999852
1772317213.69998
1772317215.1999872
1772317216.599978
1772317218.0999849
1772317219.7999721
1772317221.3999779
1772317222.8999679
1772317224.3999801
1772317225.7999697
1772317227.1999822
1772317228.6999691
1772317230.099987
1772317231.599977
1772317232.9999869
1772317234.4999807
1772317235.899971
1772317237.299989
1772317238.7999701
1772317240.1999891
1772317241.599978
1772317242.0999949
1772317242.3999791
1772317242.9000039
1772317243.0999939
1772317243.3999791
1772317244.0999861
1772317244.4999819
1772317244.8999739
1772317245.0999808
1772317245.399976
1772317245.8999717
1772317246.2999892
1772317246.7999873
1772317246.9999931
1772317247.1999841
1772317249.0999911
1772317250.8999717
1772317252.69998
1772317253.0999861
1772317254.7999682
1772317255.799979
1772317256.2999952
1772317256.69997
1772317256.8999901
1772317257.3000031
1772317257.5999699
1772317257.7999959
1772317258.0999889
1772317258.4999759
1772317258.7999697
1772317259.0999901
1772317259.3999894
1772317261.3999879
1772317262.5999796
1772317263.6999722
1772317265.399982
1772317267.1999819
1772317268.9999981
1772317270.799974
1772317272.5999801
1772317274.4999781
1772317276.3999772
1772317278.1999784
1772317280.0999861
1772317284.7999804
1772317291.3999889
1772317294.099993
1772317296.4999828
1772317298.6999841
1772317300.5999823
1772317302.3999841
1772317304.0999949
1772317305.6999784
1772317307.4999771
1772317309.0999951
1772317310.6999791
1772317312.3999879
1772317313.4999769
1772317315.1999879
1772317316.7999761
1772317318.399987
1772317319.9999919
1772317321.4999814
1772317322.999995
1772317324.4999807
1772317325.999994
1772317326.6000021
1772317326.999995
1772317327.4000223
1772317327.5999758
1772317327.8999739
1772317328.2000084
1772317328.3999949
1772317328.5999951
1772317329.1000011
1772317329.3999829
1772317331.3000062
1772317331.5999949
1772317331.99999
1772317332.499979
1772317332.7999978
1772317333.100014
1772317333.8000069
1772317334.0000179
1772317334.1999979
1772317336.1999881
1772317338.0999999
1772317339.5999861
1772317340.099997
1772317340.4999821
1772317340.799978
1772317341.1000059
1772317341.299988
1772317341.599998
1772317341.8999829
1772317342.1000159
1772317342.400002
1772317342.599968
1772317342.799989
1772317342.9999881
1772317343.1999829
1772317343.3999829
1772317343.699976
1772317345.9999952
1772317347.799978
1772317349.4999919
1772317351.299984
1772317353.0999908
1772317354.7999811
1772317356.6999888
1772317358.799974
1772317360.7999749
1772317362.6999791
1772317364.499984
1772317366.3999875
1772317368.0999949
1772317369.7999735
1772317371.4999874
1772317373.1999929
1772317374.899971
1772317376.499984
1772317378.0999901
1772317379.7999821
1772317381.499985
1772317383.099992
1772317384.7999759
1772317386.4999692
1772317388.2999771
1772317390.1999831
1772317391.8999686
1772317393.5999782
1772317395.4999812
1772317397.1999869
1772317398.9999921
1772317401.1999829
1772317402.9999962
1772317404.6999779
1772317406.3999813
1772317408.0999839
1772317409.9999981
1772317411.799973
1772317413.6999762
1772317415.4999793
1772317415.8999679
1772317417.4999897
1772317421.5999801
