0.856804 0.515635 0.0025888 -0.000548146 0.515636 -0.85676 -0.00900186 -0.000512312 -0.0024237 0.00904771 -0.999956 6.29301e-05
0.857061 0.515208 0.00251506 -0.230763 0.51521 -0.857064 0.000181918 0.427609 0.00224929 0.00113987 -0.999997 0.000679819
0.857594 0.514312 -0.00394486 -0.479142 0.514279 -0.857593 -0.00716643 0.869468 -0.00706887 0.00411713 -0.999967 -0.0179333
0.858251 0.513067 0.0129129 -0.72414 0.513133 -0.858306 -0.00220725 1.31207 0.00995076 0.00852041 -0.999914 -0.0275229
0.855743 0.517376 0.00504967 -0.971111 0.517389 -0.855749 -0.00147196 1.74868 0.00355969 0.00387227 -0.999986 -0.0354399
0.855074 0.518505 -0.000872108 -1.22954 0.518504 -0.855074 -0.00104283 2.20855 -0.00128643 0.000439506 -0.999999 -0.0496658
0.856827 0.515588 -0.00410848 -1.47111 0.515572 -0.856835 -0.00451568 2.64789 -0.00584852 0.00175093 -0.999981 -0.0586817
0.858632 0.512592 0.000267939 -1.71563 0.512587 -0.858622 -0.00489126 3.09301 -0.00227716 0.00433714 -0.999988 -0.0667803
0.859795 0.51063 0.00298136 -1.96203 0.510639 -0.859781 -0.00488328 3.54168 6.97621e-05 0.00572102 -0.999984 -0.0762956
0.861676 0.507431 0.00525426 -2.20987 0.507455 -0.861662 -0.00528927 3.99681 0.00184346 0.00722394 -0.999972 -0.0849828
0.863186 0.504883 -0.00177291 -2.45407 0.504885 -0.863172 0.00507251 4.44834 0.0010307 -0.00527364 -0.999986 -0.0967349
0.865233 0.501369 -0.00128391 -2.69329 0.501367 -0.865233 -0.00149996 4.89693 -0.00186292 0.000654103 -0.999998 -0.105695
0.865445 0.500968 -0.0060918 -2.93371 0.500911 -0.865454 -0.00882223 5.33848 -0.00969183 0.0045837 -0.999943 -0.112471
0.866307 0.499511 -9.27322e-05 -3.17814 0.499497 -0.866284 -0.00737735 5.79151 -0.0037654 0.00634473 -0.999973 -0.121677
0.866482 0.49916 0.00699899 -3.41809 0.499164 -0.866507 0.00131503 6.23799 0.00672108 0.00235419 -0.999975 -0.131377
0.867016 0.498277 0.00171683 -3.65372 0.498257 -0.867005 0.00650285 6.69345 0.00472872 -0.00478266 -0.999977 -0.145217
0.86491 0.501861 -0.0082069 -3.9052 0.501787 -0.864939 -0.00956604 7.165 -0.0118993 0.00415565 -0.999921 -0.151476
0.865216 0.501335 -0.00804041 -4.14274 0.501204 -0.865215 -0.0140474 7.60843 -0.0139991 0.00812413 -0.999869 -0.159109
0.862626 0.505836 0.00232277 -4.38334 0.505842 -0.862613 -0.00487861 8.05644 -0.00046413 0.00538337 -0.999985 -0.168036
0.86564 0.500633 0.00582571 -4.62964 0.50063 -0.865659 0.00214219 8.51382 0.00611553 0.00106215 -0.999981 -0.180489
0.863776 0.503851 -0.00506377 -4.86969 0.503825 -0.863787 -0.00569467 8.9637 -0.00724329 0.00236767 -0.999971 -0.192575
0.865008 0.50168 -0.00885105 -5.10843 0.501623 -0.86505 -0.00792898 9.41181 -0.0116344 0.00241873 -0.999929 -0.203511
0.864254 0.502897 -0.0126428 -5.3462 0.502812 -0.864345 -0.00937073 9.85248 -0.0156402 0.00174176 -0.999876 -0.212517
0.865378 0.50112 -0.000347492 -5.58707 0.501097 -0.865344 -0.00900105 10.3042 -0.00481131 0.00761518 -0.999959 -0.220506
0.86539 0.501006 0.00961212 -5.83041 0.501027 -0.865432 0.000308387 10.7542 0.00847314 0.00454906 -0.999954 -0.230342
0.8656 0.500699 0.00601833 -6.07456 0.500649 -0.865611 0.00823261 11.2107 0.0093316 -0.00411307 -0.999948 -0.240735
0.868457 0.495602 -0.0127311 -6.31276 0.49564 -0.868528 -0.000189 11.6647 -0.011151 -0.00614589 -0.999919 -0.247109
0.866709 0.498579 -0.0152862 -6.54871 0.498549 -0.866841 -0.00601428 12.1124 -0.0162493 -0.00240828 -0.999865 -0.258905
0.873063 0.487305 0.0171841 -6.73657 0.487374 -0.873193 0.000163252 12.4488 0.0150846 0.00823255 -0.999852 -0.260168
0.872527 0.488446 0.0108077 -6.98992 0.488469 -0.872581 0.000644276 12.9409 0.00974531 0.00471709 -0.999941 -0.270288
0.873238 0.487253 -0.00633831 -7.21351 0.487283 -0.873233 0.00455346 13.391 -0.00331614 -0.0070648 -0.99997 -0.279497
0.873917 0.486033 -0.00631247 -7.44592 0.48606 -0.873919 0.00353931 13.8389 -0.00379636 -0.0061613 -0.999974 -0.286893
0.875733 0.482749 -0.0066318 -7.68782 0.48274 -0.875758 -0.00303721 14.3182 -0.00727407 -0.000541648 -0.999973 -0.295614
0.876246 0.481836 -0.00529227 -7.92279 0.481776 -0.876242 -0.00961511 14.7838 -0.00927021 0.00587552 -0.99994 -0.302689
0.876763 0.480923 -0.000707888 -8.15637 0.480892 -0.876722 -0.0100706 15.242 -0.00546382 0.00848913 -0.999949 -0.310389
0.877395 0.479765 -0.00161152 -8.38659 0.479752 -0.877389 -0.00514457 15.6957 -0.00388212 0.00374069 -0.999985 -0.316078
0.878027 0.478607 0.00199279 -8.62473 0.478605 -0.878029 0.00153608 16.1678 0.00248491 -0.000394957 -0.999997 -0.323047
0.878625 0.47749 0.00455451 -8.85611 0.477443 -0.878621 0.00858935 16.6266 0.00810302 -0.0053723 -0.999953 -0.329144
0.879565 0.475765 0.00358452 -9.08533 0.47573 -0.879558 0.00768383 17.0889 0.00680849 -0.00505317 -0.999964 -0.335097
0.880864 0.473352 0.00400922 -9.31605 0.473311 -0.880858 0.00813481 17.5581 0.00738218 -0.00526806 -0.999959 -0.341208
0.882057 0.47113 -0.00347127 -9.54037 0.471136 -0.88206 0.00130716 18.0154 -0.00244603 -0.00278843 -0.999993 -0.346213
0.882487 0.470281 -0.00726472 -9.76943 0.470284 -0.882514 -0.00142588 18.4924 -0.00708178 -0.00215816 -0.999973 -0.351943
0.882269 0.470688 -0.0074363 -9.99477 0.470669 -0.8823 -0.00419786 18.9549 -0.00853693 0.000203603 -0.999964 -0.357302
0.883572 0.468256 -0.00602233 -10.2156 0.468256 -0.883592 -0.00155013 19.4082 -0.00604714 -0.00145033 -0.999981 -0.36421
0.883474 0.468478 -0.00174389 -10.4429 0.46848 -0.883472 0.00191642 19.8608 -0.000642876 -0.00251009 -0.999997 -0.372466
0.885198 0.46519 0.00485753 -10.6661 0.465177 -0.885211 0.00352709 20.3168 0.00594071 -0.000862557 -0.999982 -0.379872
0.885826 0.463957 0.00751207 -10.8871 0.463941 -0.885858 0.00385233 20.7756 0.00844194 7.26597e-05 -0.999964 -0.3888
0.885749 0.464097 0.00791528 -11.1155 0.464053 -0.885781 0.00680532 21.2462 0.0101695 -0.0023547 -0.999946 -0.396407
0.885706 0.46423 0.00383294 -11.3296 0.464236 -0.885711 -0.000812837 21.6995 0.00301754 0.00249933 -0.999992 -0.401423
0.887575 0.460659 0.00169933 -11.5533 0.460662 -0.887569 -0.00342507 22.1674 -6.95212e-05 0.00382282 -0.999993 -0.406795
0.886785 0.46216 -0.00455152 -11.7703 0.46216 -0.886796 -0.00120224 22.6239 -0.00459189 -0.0010374 -0.999989 -0.413484
0.888708 0.458449 -0.0048104 -11.9924 0.458469 -0.888698 0.00462916 23.0838 -0.00215276 -0.00631939 -0.999978 -0.421715
0.889393 0.457142 0.000396546 -12.2062 0.457136 -0.889385 0.004642 23.5427 0.00247474 -0.00394729 -0.999989 -0.42775
0.889036 0.457787 0.00670852 -12.4238 0.457768 -0.889061 0.00431659 23.9973 0.00794037 -0.000766664 -0.999968 -0.434663
0.890048 0.455624 0.0148867 -12.6455 0.455633 -0.890163 0.00293773 24.4626 0.0145901 0.00416818 -0.999885 -0.441143
0.89042 0.454997 0.0113621 -12.8564 0.455034 -0.890474 -0.000706153 24.9158 0.00979634 0.0057989 -0.999935 -0.445866
0.891852 0.452254 0.00811781 -13.0733 0.452253 -0.891887 0.00202799 25.3796 0.00815734 0.00186264 -0.999965 -0.452693
0.891412 0.453097 -0.0093366 -13.2841 0.453132 -0.891441 0.00193932 25.8465 -0.00744433 -0.00595944 -0.999955 -0.460722
0.884436 0.466591 -0.00813468 -13.5083 0.466608 -0.884464 0.00021992 26.3221 -0.00709222 -0.00399021 -0.999967 -0.467747
0.861088 0.508453 -0.00185993 -13.6276 0.508438 -0.861083 -0.0051865 26.5403 -0.00423864 0.00352038 -0.999985 -0.472949
0.846465 0.532323 0.011356 -13.8914 0.532327 -0.846534 0.00291351 26.9838 0.0111641 0.00357891 -0.999931 -0.480692
0.844713 0.534916 0.0180248 -14.1497 0.534797 -0.844905 0.0112894 27.4149 0.0212681 0.000103322 -0.999774 -0.490434
0.842587 0.538229 0.018906 -14.4105 0.53823 -0.84278 0.00548974 27.8613 0.0188884 0.0055502 -0.999806 -0.498755
0.838605 0.544316 0.0214646 -14.6699 0.544366 -0.838838 0.0039626 28.2925 0.0201622 0.00836152 -0.999762 -0.506081
0.836326 0.548068 0.0134216 -14.9321 0.548104 -0.83641 0.00118244 28.7346 0.011874 0.00636752 -0.999909 -0.515741
0.834797 0.550455 0.0106591 -15.2041 0.550471 -0.834853 0.00162475 29.1793 0.00979316 0.0045112 -0.999942 -0.522228
0.831635 0.555233 0.00999031 -15.4716 0.555231 -0.83169 0.0032531 29.6149 0.0101151 0.00284154 -0.999945 -0.533784
0.831373 0.555579 0.0122941 -15.7518 0.555552 -0.831462 0.00582367 30.062 0.0134576 0.00198839 -0.999907 -0.540675
0.829487 0.558404 0.0116813 -16.0186 0.558396 -0.829564 0.00419704 30.4915 0.012034 0.00304139 -0.999923 -0.55077
0.826873 0.562277 0.0112069 -16.2915 0.562224 -0.826949 0.00769864 30.9255 0.0135963 -6.50169e-05 -0.999908 -0.560932
0.84001 0.542398 0.0137001 -16.5549 0.542353 -0.84012 0.00717419 31.3643 0.015401 0.00140392 -0.99988 -0.570325
0.840976 0.541062 0.00346379 -16.8145 0.54106 -0.840983 0.00141894 31.8074 0.00368072 0.000680823 -0.999993 -0.580997
0.839966 0.542639 -0.00089718 -17.0701 0.542625 -0.839954 -0.00598353 32.2387 -0.00400048 0.00453912 -0.999982 -0.594381
0.839516 0.543335 -0.000453273 -17.3413 0.543321 -0.839499 -0.00664757 32.6943 -0.00399238 0.00533447 -0.999978 -0.604737
0.840337 0.542064 -0.000493313 -17.6 0.542051 -0.840323 -0.00618584 33.1235 -0.00376766 0.00493079 -0.999981 -0.612633
0.83916 0.543882 0.00184111 -17.8728 0.543878 -0.839162 0.00197393 33.5735 0.00261858 -0.000655106 -0.999996 -0.622146
0.838958 0.544153 0.00686186 -18.1355 0.544143 -0.838986 0.00340368 34.0104 0.00760913 0.00087829 -0.999971 -0.629345
0.83815 0.545411 0.0056341 -18.4069 0.545385 -0.838168 0.00549291 34.4633 0.00771821 -0.00153112 -0.999969 -0.63871
0.857807 0.513508 0.0218321 -18.5047 0.513607 -0.858025 0.00124907 34.6287 0.0193739 0.0101416 -0.999761 -0.640432
0.886768 0.462181 0.00559655 -18.495 0.462182 -0.886784 0.00123973 34.6114 0.00553591 0.00148727 -0.999984 -0.638948
0.910077 0.414306 0.0105115 -18.4797 0.414337 -0.910123 -0.000855912 34.5914 0.00921216 0.00513425 -0.999944 -0.642482
0.929536 0.368654 0.00748826 -18.4697 0.368673 -0.929558 -0.00127973 34.5732 0.00648899 0.00395027 -0.999971 -0.643039
0.959606 0.28122 -0.00845716 -18.4709 0.281183 -0.959639 -0.00539383 34.5622 -0.00963268 0.00279795 -0.99995 -0.649452
0.97378 0.22749 -0.000461854 -18.4664 0.22749 -0.97378 -0.000358376 34.5408 -0.000531272 0.000243912 -1 -0.654677
0.986467 0.163045 0.017306 -18.4657 0.163135 -0.986596 -0.00392262 34.5266 0.0164345 0.00669274 -0.999843 -0.653214
0.995231 0.0969474 0.0107824 -18.4615 0.0970315 -0.995253 -0.00756513 34.5144 0.00999781 0.00857529 -0.999913 -0.655115
0.99956 0.0296387 0.000693453 -18.4665 0.0296416 -0.99955 -0.00457522 34.5124 0.000557538 0.00459376 -0.999989 -0.649042
0.999177 -0.0405397 0.00126373 -18.459 -0.040535 -0.999172 -0.00354496 34.5152 0.00140639 0.00349082 -0.999993 -0.675374
0.996077 -0.086145 0.0202166 -18.4679 -0.0859744 -0.996255 -0.00916526 34.4907 0.0209304 0.0073912 -0.999754 -0.658246
0.988712 -0.149194 0.0137786 -18.4682 -0.149 -0.988736 -0.014128 34.478 0.0157312 0.0119155 -0.999805 -0.661071
0.977068 -0.212685 0.0101814 -18.4734 -0.212545 -0.97706 -0.0133579 34.4774 0.0127888 0.0108876 -0.999859 -0.657912
0.95879 -0.284064 0.0054464 -18.4785 -0.284021 -0.958789 -0.00751452 34.475 0.00735655 0.00565796 -0.999957 -0.657473
0.940743 -0.33886 0.0132594 -18.4959 -0.338789 -0.940833 -0.00738443 34.4668 0.0149772 0.00245471 -0.999885 -0.659491
0.916064 -0.400435 0.0218583 -18.5058 -0.400249 -0.916321 -0.0124847 34.4529 0.0250285 0.00268809 -0.999683 -0.657265
0.875804 -0.482439 0.0148124 -18.5128 -0.482358 -0.875929 -0.00889394 34.4508 0.0172654 0.00064448 -0.999851 -0.652632
0.832892 -0.553313 0.0116137 -18.518 -0.553302 -0.832969 -0.00446114 34.4567 0.0121422 -0.00271021 -0.999923 -0.65538
0.795251 -0.606077 0.0157267 -18.5235 -0.606108 -0.795375 -0.00322214 34.4587 0.0144615 -0.00696966 -0.999871 -0.655993
0.753104 -0.657341 0.0271418 -18.5372 -0.656977 -0.753592 -0.0219089 34.4514 0.0348554 -0.00133181 -0.999391 -0.65228
0.67803 -0.734857 0.0161732 -18.5478 -0.734784 -0.678209 -0.0111845 34.4502 0.0191877 -0.00430039 -0.999807 -0.645899
0.614001 -0.789242 0.0100002 -18.5604 -0.789227 -0.614069 -0.00628582 34.452 0.0111018 -0.00403292 -0.99993 -0.651369
0.552107 -0.833578 0.0180589 -18.5792 -0.833577 -0.552317 -0.00973375 34.4577 0.0180881 -0.00967942 -0.99979 -0.646019
0.5292 -0.848292 0.0186473 -18.1739 -0.848254 -0.529447 -0.0123073 34.6849 0.0203129 -0.00930456 -0.99975 -0.648595
0.521392 -0.853276 0.00838496 -17.7363 -0.853095 -0.521456 -0.0176942 34.9345 0.0194704 0.00207246 -0.999808 -0.648942
0.52552 -0.850693 0.0123025 -17.301 -0.850386 -0.525661 -0.0228793 35.1822 0.0259302 0.00156166 -0.999663 -0.648516
0.519144 -0.854466 0.0194503 -16.8551 -0.854236 -0.519475 -0.0206742 35.4367 0.0277694 -0.0058823 -0.999597 -0.651555
0.50916 -0.860212 0.0281332 -16.4081 -0.860079 -0.509751 -0.0204537 35.6884 0.0319355 -0.0137825 -0.999395 -0.655646
0.468769 -0.882909 0.026977 -16.1231 -0.882682 -0.469372 -0.0237036 35.8426 0.0335903 -0.0127006 -0.999355 -0.653611
0.45695 -0.889238 0.021277 -15.6492 -0.8889 -0.457388 -0.0255635 36.0732 0.0324638 -0.00723192 -0.999447 -0.654638
0.47649 -0.879145 0.00780522 -15.2156 -0.879118 -0.476543 -0.00759396 36.2752 0.0103957 -0.00324326 -0.999941 -0.65678
0.482146 -0.875943 0.0160831 -14.7639 -0.875776 -0.482384 -0.0179401 36.5051 0.0234727 -0.00543546 -0.99971 -0.656959
0.485457 -0.873743 0.0300682 -14.3026 -0.873314 -0.486245 -0.0297987 36.7476 0.0406569 -0.011793 -0.999104 -0.660665
0.482255 -0.875432 0.0323985 -13.8574 -0.874886 -0.483185 -0.033271 36.9761 0.044781 -0.0122999 -0.998921 -0.660307
0.478337 -0.877611 0.0315185 -13.3966 -0.877217 -0.479184 -0.0295441 37.2061 0.0410314 -0.0135166 -0.999066 -0.661274
0.476455 -0.878703 0.0295323 -12.9403 -0.878339 -0.477206 -0.0282062 37.4343 0.0388779 -0.0125004 -0.999166 -0.661169
0.477688 -0.87828 0.0209498 -12.4728 -0.877998 -0.478093 -0.0234047 37.6671 0.0305718 -0.00721374 -0.999507 -0.661428
0.483003 -0.875402 0.0194899 -12.0223 -0.875243 -0.483328 -0.0185552 37.8942 0.0256633 -0.0080962 -0.999638 -0.663313
0.476803 -0.878163 0.0385783 -11.577 -0.8777 -0.478029 -0.0336328 38.1259 0.0479767 -0.0178239 -0.998689 -0.667767
0.482279 -0.875179 0.0383066 -11.116 -0.87432 -0.483605 -0.0411066 38.3539 0.0545009 -0.0136674 -0.99842 -0.668903
0.527539 -0.849119 0.0264298 -11.0022 -0.848119 -0.5282 -0.0412168 38.4129 0.0489582 -0.0006721 -0.998801 -0.666581
0.531657 -0.846364 0.0317785 -10.5471 -0.845644 -0.532548 -0.0357559 38.6762 0.0471861 -0.0078635 -0.998855 -0.670449
0.533499 -0.845078 0.0349665 -10.0955 -0.844862 -0.534398 -0.0250318 38.934 0.0398399 -0.0161874 -0.999075 -0.671046
0.536084 -0.843631 0.0300038 -9.65965 -0.843402 -0.536772 -0.0234345 39.1867 0.0358753 -0.0127424 -0.999275 -0.673011
0.541901 -0.839933 0.0292513 -9.22884 -0.83961 -0.542585 -0.0256409 39.4415 0.037408 -0.0106648 -0.999243 -0.673398
0.540921 -0.840326 0.0354381 -8.79259 -0.840104 -0.54184 -0.0251727 39.704 0.0403551 -0.0161553 -0.999055 -0.675801
0.540262 -0.840744 0.0355855 -8.34755 -0.839953 -0.541349 -0.0376842 39.9718 0.050947 -0.00953083 -0.998656 -0.672865
0.541693 -0.839836 0.035284 -7.89728 -0.839061 -0.542759 -0.0372817 40.2418 0.0504612 -0.00941018 -0.998682 -0.672992
0.540677 -0.840544 0.0339645 -7.4506 -0.839789 -0.541673 -0.036664 40.5102 0.0492154 -0.00869965 -0.99875 -0.672952
0.546286 -0.836896 0.0342964 -7.02215 -0.836338 -0.547252 -0.0324578 40.7685 0.0459325 -0.0109521 -0.998885 -0.674117
0.545428 -0.837427 0.0349981 -6.57636 -0.836893 -0.546423 -0.0321193 41.0396 0.0460213 -0.0117709 -0.998871 -0.678583
0.543098 -0.839067 0.0318124 -6.12154 -0.838669 -0.54391 -0.0282249 41.3122 0.0409857 -0.0113512 -0.999095 -0.681824
0.546161 -0.837038 0.0327985 -5.68242 -0.836704 -0.546996 -0.0268618 41.5765 0.040425 -0.0127718 -0.999101 -0.681993
0.547214 -0.836202 0.0363657 -5.84263 -0.835566 -0.548301 -0.0345695 41.4799 0.0488465 -0.011469 -0.99874 -0.682607
0.549278 -0.834743 0.0387092 -6.28631 -0.834281 -0.550437 -0.0315478 41.2118 0.0476413 -0.0149658 -0.998752 -0.684353
0.547148 -0.835747 0.046436 -6.72429 -0.835158 -0.548794 -0.0365565 40.9483 0.0560358 -0.0187796 -0.998252 -0.684931
0.502842 -0.86311 0.0468095 -6.85109 -0.861865 -0.504771 -0.0489403 40.8745 0.0658689 -0.0157342 -0.997704 -0.676256
0.46021 -0.886993 0.0380809 -7.02044 -0.886081 -0.461567 -0.0426213 40.7839 0.0553817 -0.014128 -0.998365 -0.676825
0.400592 -0.91571 0.0316468 -7.21964 -0.915194 -0.401552 -0.0342914 40.6946 0.0441088 -0.0152261 -0.998911 -0.672843
0.33345 -0.942231 0.031815 -7.36359 -0.941837 -0.33443 -0.0331535 40.643 0.0418782 -0.0189095 -0.998944 -0.672232
0.255008 -0.966309 0.0348906 -7.42995 -0.966273 -0.256005 -0.0278826 40.6346 0.0358754 -0.0266036 -0.999002 -0.67581
0.210147 -0.976871 0.0395142 -7.54194 -0.976891 -0.211421 -0.0313878 40.6202 0.039016 -0.032005 -0.998726 -0.679395
0.156264 -0.987003 0.0374913 -7.67345 -0.986473 -0.157858 -0.0441719 40.603 0.0495161 -0.0300817 -0.99832 -0.678153
0.0948918 -0.994862 0.0352731 -7.77948 -0.994428 -0.096366 -0.0427494 40.593 0.0459289 -0.0310199 -0.998463 -0.678149
0.0268728 -0.99894 0.0373678 -7.82848 -0.999235 -0.0279053 -0.0273899 40.5927 0.0284036 -0.0366032 -0.998926 -0.675584
-0.0420451 -0.998177 0.0432886 -7.89949 -0.998647 0.0406596 -0.032405 40.6048 0.0305859 -0.0445926 -0.998537 -0.685315
-0.0790568 -0.996396 0.0307255 -8.24818 -0.995305 0.0771687 -0.0584212 40.6437 0.0558396 -0.0351998 -0.997819 -0.693836
-0.1466 -0.988833 0.0267894 -8.32363 -0.987575 0.144756 -0.0611658 40.6572 0.0566048 -0.0354234 -0.997768 -0.688552
-0.211019 -0.977033 0.0296127 -8.39423 -0.976564 0.209412 -0.049686 40.678 0.0423436 -0.0394034 -0.998326 -0.688586
-0.264619 -0.963567 0.0389228 -8.43549 -0.964036 0.263281 -0.0362997 40.6999 0.0247295 -0.0471285 -0.998583 -0.693844
-0.322001 -0.946028 0.0366958 -8.55718 -0.946341 0.3205 -0.0414435 40.7534 0.0274457 -0.0480716 -0.998467 -0.700903
-0.393093 -0.918906 0.0330138 -8.66063 -0.918943 0.391354 -0.0488441 40.7992 0.031963 -0.049538 -0.998261 -0.702418
-0.465461 -0.884318 0.0364372 -8.74517 -0.884768 0.463836 -0.0451831 40.8549 0.0230554 -0.0532695 -0.998314 -0.706324
-0.531452 -0.8459 0.0448584 -8.78366 -0.847075 0.530405 -0.0336789 40.8849 0.00469586 -0.0558972 -0.998425 -0.707546
-0.581963 -0.811496 0.052846 -8.83049 -0.81321 0.580504 -0.0412804 40.9383 0.00282154 -0.0669986 -0.997749 -0.713427
-0.625706 -0.779252 0.035486 -8.93514 -0.779785 0.623633 -0.0549254 41.0339 0.0206704 -0.0620386 -0.99786 -0.716601
-0.67531 -0.736512 0.0388096 -9.02992 -0.737399 0.673247 -0.0545948 41.1155 0.0140813 -0.0654866 -0.997754 -0.717081
-0.744284 -0.666448 0.0434505 -9.11121 -0.667859 0.742466 -0.0520499 41.2008 0.0024281 -0.0677587 -0.997699 -0.71809
-0.786932 -0.615521 0.0432519 -9.14164 -0.617038 0.785151 -0.0529405 41.2419 -0.00137326 -0.0683486 -0.997661 -0.731434
-0.790836 -0.611421 0.0272553 -9.43896 -0.611943 0.789202 -0.0518218 41.6491 0.010175 -0.0576613 -0.998284 -0.757113
-0.790601 -0.612189 0.0132162 -9.73316 -0.612017 0.789319 -0.0490927 42.0557 0.0196222 -0.0469013 -0.998707 -0.775612
-0.790594 -0.612283 0.00842294 -10.0329 -0.611926 0.789477 -0.0476712 42.4744 0.0225386 -0.0428428 -0.998828 -0.794669
-0.792873 -0.609334 0.00805274 -10.3311 -0.609054 0.791933 -0.043541 42.8963 0.0201538 -0.039427 -0.999019 -0.816524
-0.792866 -0.609348 0.00762688 -10.6388 -0.609089 0.792009 -0.0416174 43.3225 0.0193189 -0.0376425 -0.999105 -0.839054
-0.792758 -0.609437 0.0110276 -10.9404 -0.609284 0.791776 -0.043173 43.7389 0.0175799 -0.0409447 -0.999007 -0.855591
-0.793283 -0.60858 0.0182428 -11.2553 -0.608715 0.792109 -0.0450393 44.173 0.0129597 -0.0468336 -0.998819 -0.876717
-0.79402 -0.607217 0.0286498 -11.5491 -0.607837 0.792429 -0.0509057 44.5797 0.0082079 -0.0578345 -0.998292 -0.897155
-0.799204 -0.600808 0.0174274 -11.497 -0.600777 0.797601 -0.0538521 44.5065 0.0184546 -0.0535088 -0.998397 -0.889294
-0.801094 -0.598337 0.0155481 -11.1987 -0.598237 0.799595 -0.0525364 44.0851 0.0190023 -0.051388 -0.998498 -0.872072
-0.804797 -0.593354 0.0152872 -10.9008 -0.593362 0.803625 -0.0459163 43.6585 0.0149595 -0.0460241 -0.998828 -0.852453
-0.836103 -0.548421 0.0128511 -10.6624 -0.548414 0.835071 -0.0435826 43.294 0.0131701 -0.0434872 -0.998967 -0.831842
-0.867495 -0.49725 0.0139682 -10.4748 -0.497353 0.866449 -0.0436539 42.9679 0.00960414 -0.0448166 -0.998949 -0.814377
-0.893463 -0.448699 0.0198046 -10.3543 -0.449136 0.89258 -0.0397193 42.7246 0.000144876 -0.0443827 -0.999015 -0.801702
-0.915958 -0.400665 0.022108 -10.1525 -0.401246 0.915159 -0.0385478 42.2412 -0.00478759 -0.0441789 -0.999012 -0.783263
-0.946707 -0.320765 0.0292705 -10.0185 -0.321726 0.946064 -0.0381427 41.8838 -0.015457 -0.0455271 -0.998844 -0.765223
-0.964191 -0.264226 0.0228272 -9.97757 -0.264992 0.963311 -0.0425535 41.7222 -0.010746 -0.0470787 -0.998833 -0.764469
-0.975776 -0.218623 0.00811812 -9.94969 -0.218768 0.974825 -0.0430897 41.5996 0.00150663 -0.0438218 -0.999038 -0.757727
-0.986344 -0.164103 0.0139765 -9.93538 -0.164524 0.985644 -0.0379191 41.4817 -0.00755322 -0.0397007 -0.999183 -0.753891
-0.997605 -0.0661312 0.0202938 -9.92214 -0.0667749 0.997226 -0.032874 41.1759 -0.0180635 -0.0341504 -0.999253 -0.744508
-0.99971 -0.00633581 0.0232507 -9.91885 -0.00723891 0.999214 -0.0389654 40.9328 -0.0229856 -0.0391224 -0.99897 -0.737763
-0.998602 0.0493964 0.0187933 -9.92976 0.0485904 0.99797 -0.041165 40.753 -0.0207886 -0.0401943 -0.998976 -0.731517
-0.993326 0.113925 0.0179953 -9.93711 0.113091 0.992695 -0.042041 40.6302 -0.0226534 -0.0397253 -0.998954 -0.727538
-0.984331 0.174917 0.0222792 -9.94778 0.173731 0.983664 -0.0471392 40.5609 -0.0301607 -0.04253 -0.99864 -0.728143
-0.974403 0.224794 0.00250495 -9.99281 0.224561 0.973795 -0.0359846 40.3802 -0.0105284 -0.034501 -0.999349 -0.724419
-0.958284 0.2856 0.0111448 -10.034 0.285049 0.957837 -0.0359857 40.2628 -0.0209524 -0.0313077 -0.99929 -0.722375
-0.935926 0.352086 0.00881965 -10.0888 0.351666 0.935597 -0.031451 40.1185 -0.0193251 -0.0263343 -0.999466 -0.717963
-0.906513 0.421923 0.0146412 -10.1317 0.421228 0.906255 -0.0356139 40.033 -0.028295 -0.0261172 -0.999258 -0.712533
-0.879226 0.476307 0.00963984 -10.2036 0.475656 0.878799 -0.0382706 39.8972 -0.0267 -0.0290633 -0.999221 -0.711992
-0.853825 0.520557 0.00162686 -10.2846 0.52031 0.853508 -0.0283102 39.7683 -0.0161256 -0.0233255 -0.999598 -0.713638
-0.815533 0.578689 0.00504108 -10.3835 0.578382 0.815332 -0.0266003 39.6302 -0.0195034 -0.0187777 -0.999633 -0.705875
-0.776332 0.630195 0.0127252 -10.445 0.62958 0.776238 -0.0329177 39.5624 -0.0306223 -0.0175436 -0.999377 -0.700803
-0.732644 0.680547 0.00942505 -10.5152 0.67988 0.732428 -0.0362347 39.4918 -0.0315626 -0.0201392 -0.999299 -0.703898
-0.696932 0.717131 -0.00301903 -10.8319 0.716959 0.696659 -0.0252264 39.1778 -0.0159874 -0.0197456 -0.999677 -0.697541
-0.648838 0.760905 0.00566437 -10.9379 0.760457 0.648681 -0.0302849 39.0928 -0.0267183 -0.0153425 -0.999525 -0.690281
-0.598426 0.801118 0.00987496 -11.0784 0.800635 0.598428 -0.0294521 38.9873 -0.029504 -0.00971864 -0.999517 -0.691075
-0.575649 0.817688 0.00382984 -11.3881 0.816779 0.575219 -0.0446649 38.7823 -0.038725 -0.0225832 -0.998995 -0.687287
-0.55773 0.829997 -0.00649493 -11.8311 0.829176 0.556792 -0.049497 38.498 -0.037466 -0.0329914 -0.998753 -0.683018
-0.519859 0.854202 -0.00925252 -12.0394 0.853845 0.519247 -0.0364773 38.373 -0.0263547 -0.0268633 -0.999292 -0.676748
-0.509287 0.860578 -0.00572935 -12.4858 0.860021 0.50869 -0.0399847 38.1274 -0.0314955 -0.025291 -0.999184 -0.677057
-0.525891 0.85054 -0.0045835 -12.6263 0.849914 0.52528 -0.0415681 38.0433 -0.0329477 -0.0257559 -0.999125 -0.675121
-0.525167 0.850822 -0.0173555 -13.0632 0.850716 0.524357 -0.0365008 37.7908 -0.0219552 -0.0339336 -0.999183 -0.6758
-0.523244 0.852164 -0.00570003 -13.5014 0.851683 0.522697 -0.0377395 37.5469 -0.0291808 -0.0246016 -0.999271 -0.675601
-0.523305 0.852145 -0.00105057 -13.9513 0.851544 0.522888 -0.0382335 37.2908 -0.0320311 -0.0209024 -0.999268 -0.673029
-0.522371 0.852703 -0.00510003 -14.3999 0.852408 0.52201 -0.0301108 37.0339 -0.0230133 -0.0200763 -0.999534 -0.670736
-0.515308 0.856976 -0.00704958 -14.8431 0.856827 0.515016 -0.024603 36.7833 -0.0174535 -0.0187184 -0.999672 -0.670264
-0.510666 0.859758 -0.00601131 -15.3023 0.859479 0.51029 -0.0300155 36.5323 -0.0227386 -0.0204945 -0.999531 -0.666424
-0.505017 0.86303 -0.0117164 -15.7877 0.862779 0.504402 -0.0344985 36.2667 -0.0238635 -0.027531 -0.999336 -0.664439
-0.500955 0.865413 -0.0101702 -16.2421 0.865126 0.500386 -0.0342189 36.0221 -0.0245244 -0.0259406 -0.999363 -0.661815
-0.493226 0.869864 -0.00799838 -16.7017 0.869607 0.4928 -0.0305185 35.7835 -0.0226053 -0.022008 -0.999502 -0.659387
-0.49591 0.86832 -0.00969171 -17.1644 0.868034 0.495372 -0.0335135 35.5398 -0.0242995 -0.0250324 -0.999391 -0.653165
-0.487964 0.87283 -0.00767389 -17.6717 0.872515 0.487502 -0.0325583 35.2729 -0.0246768 -0.0225829 -0.99944 -0.651291
-0.491558 0.87076 -0.012114 -18.1428 0.870736 0.491229 -0.0226503 35.0347 -0.0137722 -0.021682 -0.99967 -0.647331
-0.485146 0.874314 -0.0144233 -18.6178 0.874377 0.484861 -0.0193461 34.7881 -0.00992129 -0.0219971 -0.999709 -0.643276
-0.483551 0.875202 -0.0141464 -19.0756 0.875209 0.483177 -0.0234462 34.5565 -0.0136849 -0.0237186 -0.999625 -0.645108
-0.48118 0.876608 -0.00486851 -19.5265 0.876271 0.480823 -0.0309576 34.3322 -0.0247968 -0.0191623 -0.999509 -0.644109
-0.485152 0.874343 -0.0123536 -19.9781 0.873719 0.48414 -0.0471626 34.1086 -0.0352554 -0.0336746 -0.998811 -0.640368
-0.485542 0.874212 0.00150571 -20.4304 0.873649 0.48529 -0.0350956 33.8771 -0.0314117 -0.0157249 -0.999383 -0.637991
-0.485781 0.874008 -0.0112634 -20.9378 0.874067 0.485663 -0.0117356 33.6086 -0.00478678 -0.0155458 -0.999868 -0.637256
-0.49461 0.86906 -0.00973545 -21.4475 0.868911 0.494221 -0.0271748 33.3434 -0.018805 -0.0219002 -0.999583 -0.634399
-0.516401 0.856342 -0.00292169 -21.8927 0.855646 0.515837 -0.0422247 33.0965 -0.0346517 -0.0243048 -0.999104 -0.63043
-0.518109 0.855223 -0.0125184 -22.3416 0.855247 0.517829 -0.0201413 32.8427 -0.0107429 -0.0211417 -0.999719 -0.62807
-0.521766 0.852967 -0.0144308 -22.7797 0.853033 0.521463 -0.020286 32.5966 -0.00977815 -0.0228945 -0.99969 -0.622079
-0.520258 0.853931 -0.0115424 -23.2292 0.853812 0.519799 -0.0285359 32.3466 -0.0183679 -0.0247011 -0.999526 -0.616441
-0.519078 0.854592 -0.0151655 -23.6755 0.854438 0.518359 -0.0352148 32.0996 -0.0222331 -0.0312372 -0.999265 -0.612419
-0.523944 0.851705 -0.00899465 -24.1223 0.851299 0.523292 -0.0381624 31.8504 -0.0277962 -0.0276521 -0.999231 -0.608159
-0.519845 0.854208 -0.00948075 -24.567 0.854075 0.519468 -0.0266408 31.5945 -0.0178318 -0.0219463 -0.9996 -0.600371
-0.521591 0.853153 -0.00854288 -25.0083 0.853012 0.521245 -0.0259576 31.3448 -0.0176929 -0.0208264 -0.999627 -0.593757
-0.519881 0.854133 -0.0134193 -25.4451 0.854186 0.519611 -0.0192385 31.0983 -0.00945945 -0.0214643 -0.999725 -0.590712
-0.517471 0.855449 -0.0207545 -25.881 0.855681 0.517143 -0.0193043 30.852 -0.0057808 -0.0277487 -0.999598 -0.585154
-0.518597 0.854621 -0.0260786 -26.3216 0.854936 0.51788 -0.0297519 30.6104 -0.011921 -0.0377248 -0.999217 -0.580224
-0.517829 0.855217 -0.0213881 -26.796 0.855338 0.517116 -0.0314312 30.345 -0.0158204 -0.0345701 -0.999277 -0.571486
-0.512745 0.858429 -0.0138684 -27.2443 0.858321 0.512181 -0.0309328 30.0974 -0.0194505 -0.0277642 -0.999425 -0.561923
-0.5116 0.859061 -0.0167135 -27.689 0.859092 0.511083 -0.0274667 29.8503 -0.0150536 -0.0284104 -0.999483 -0.557171
-0.511524 0.859137 -0.0150426 -28.1388 0.859243 0.511293 -0.0167644 29.5999 -0.00671177 -0.0215006 -0.999746 -0.548186
-0.510735 0.859524 -0.0192076 -28.589 0.859735 0.510543 -0.0141922 29.3468 -0.00239225 -0.0237619 -0.999715 -0.541916
-0.510766 0.859436 -0.0220896 -29.0407 0.859696 0.510392 -0.0205374 29.0987 -0.00637624 -0.0294802 -0.999545 -0.539437
-0.511431 0.859019 -0.0228971 -29.4872 0.859293 0.511 -0.0222521 28.8561 -0.00741455 -0.0310557 -0.99949 -0.530445
-0.510357 0.859651 -0.023154 -29.9486 0.859937 0.509949 -0.0214675 28.6033 -0.00664725 -0.0308671 -0.999501 -0.525168
-0.509978 0.85985 -0.0240905 -30.4102 0.860149 0.509491 -0.0237092 28.3525 -0.00811245 -0.0328126 -0.999429 -0.515998
-0.508956 0.860636 -0.0163974 -30.8687 0.860708 0.508547 -0.0236969 28.1054 -0.0120556 -0.026174 -0.999585 -0.50875
-0.508701 0.860776 -0.0169776 -31.3138 0.860883 0.508333 -0.0218428 27.8638 -0.0101714 -0.0257272 -0.999617 -0.499787
-0.507688 0.861401 -0.0155542 -31.8 0.861484 0.507363 -0.0206934 27.5959 -0.00993372 -0.0239054 -0.999665 -0.489408
-0.506825 0.861861 -0.0179854 -32.2521 0.861993 0.506444 -0.0219853 27.3488 -0.00983965 -0.026646 -0.999597 -0.482023
-0.507009 0.861659 -0.0220232 -32.7393 0.861889 0.506533 -0.0239204 27.0845 -0.0094558 -0.0311094 -0.999471 -0.474549
-0.507258 0.861268 -0.0301067 -33.1858 0.861787 0.506808 -0.0216294 26.8392 -0.0033704 -0.0369173 -0.999313 -0.4681
-0.505461 0.862343 -0.0295442 -33.6455 0.862846 0.505065 -0.0201585 26.5904 -0.0024618 -0.0356814 -0.99936 -0.459886
-0.506106 0.862001 -0.0284917 -34.0895 0.86247 0.505761 -0.018747 26.3475 -0.00174992 -0.0340612 -0.999418 -0.451595
-0.506236 0.861991 -0.0263904 -34.5401 0.862395 0.505964 -0.0165929 26.105 -0.000950382 -0.0311588 -0.999514 -0.438474
-0.504087 0.863378 -0.0217808 -35.0021 0.86365 0.503864 -0.0151573 25.8565 -0.00211192 -0.0264516 -0.999648 -0.429978
-0.501683 0.864813 -0.0203465 -35.4682 0.86503 0.501363 -0.0189478 25.6069 -0.00618531 -0.0271061 -0.999613 -0.420256
-0.501763 0.864694 -0.0231875 -35.9334 0.864992 0.501429 -0.0188922 25.3553 -0.00470913 -0.0295364 -0.999553 -0.412889
-0.500875 0.865173 -0.0244857 -36.4205 0.865498 0.500465 -0.0211383 25.0913 -0.006034 -0.03178 -0.999477 -0.403327
-0.498999 0.866207 -0.0261782 -36.8812 0.866588 0.498584 -0.0209733 24.8485 -0.00511517 -0.0331513 -0.999437 -0.393031
-0.496438 0.867687 -0.0258641 -37.3271 0.868051 0.495999 -0.0217181 24.6155 -0.00601596 -0.0332331 -0.99943 -0.382621
-0.495459 0.868154 -0.0287986 -37.7884 0.868628 0.495097 -0.0190771 24.3722 -0.00230379 -0.0344672 -0.999403 -0.371382
-0.49399 0.869007 -0.0283141 -38.25 0.869468 0.493717 -0.0164149 24.1323 -0.000285536 -0.032727 -0.999464 -0.360719
-0.494773 0.868567 -0.0281209 -38.7877 0.869014 0.494647 -0.0117529 23.8405 0.00370173 -0.0302525 -0.999535 -0.348013
-0.494795 0.868493 -0.0299433 -39.2465 0.868991 0.494713 -0.0106132 23.6031 0.00559587 -0.0312718 -0.999495 -0.33748
-0.494042 0.868867 -0.0314979 -39.7036 0.869417 0.49396 -0.0108653 23.362 0.00611825 -0.0327527 -0.999445 -0.327172
-0.492501 0.869625 -0.0345592 -40.1917 0.870274 0.49246 -0.0102928 23.1059 0.00806812 -0.0351452 -0.99935 -0.316207
-0.491978 0.869815 -0.0371291 -40.6556 0.870595 0.491749 -0.0157053 22.8612 0.0045975 -0.0400511 -0.999187 -0.305355
-0.528266 0.848602 -0.0284577 -41.0787 0.849003 0.527474 -0.0310708 22.6408 -0.0113561 -0.0405744 -0.999112 -0.294823
-0.549031 0.835389 -0.0262749 -41.5193 0.835795 0.548886 -0.0130974 22.3778 0.00348052 -0.0291513 -0.999569 -0.287544
-0.550231 0.834324 -0.0339048 -41.9629 0.834919 0.550323 -0.00741615 22.1046 0.0124711 -0.0323884 -0.999398 -0.276033
-0.556034 0.830361 -0.0364111 -42.3999 0.830982 0.556286 -0.00374514 21.8349 0.0171452 -0.0323394 -0.99933 -0.264488
-0.552219 0.832608 -0.0426295 -42.8256 0.833446 0.55259 -0.00361166 21.5703 0.0205495 -0.0375238 -0.999084 -0.254625
-0.551354 0.833448 -0.0370681 -43.2643 0.834186 0.55139 -0.010158 21.3011 0.0119728 -0.0365224 -0.999261 -0.242218
-0.548921 0.835199 -0.0336062 -43.7104 0.835874 0.548529 -0.0207695 21.0333 0.00108738 -0.0394914 -0.999219 -0.231474
-0.546589 0.837006 -0.0257033 -44.1543 0.83739 0.546168 -0.0218688 20.7659 -0.00426604 -0.0334769 -0.99943 -0.219889
-0.540032 0.841121 -0.0296641 -44.5895 0.841616 0.539968 -0.0108303 20.5054 0.00690809 -0.0308145 -0.999501 -0.20741
-0.535556 0.843671 -0.037406 -45.0505 0.844398 0.535653 -0.00821446 20.231 0.0131063 -0.0359848 -0.999266 -0.195292
-0.535588 0.843673 -0.0368941 -45.4922 0.844375 0.535698 -0.00766519 19.9694 0.0132972 -0.0352578 -0.99929 -0.184067
-0.535297 0.843869 -0.0366509 -45.9328 0.844636 0.535127 -0.0151064 19.7125 0.00686504 -0.0390431 -0.999214 -0.174046
-0.534513 0.844498 -0.0334355 -46.3679 0.845154 0.533935 -0.0250693 19.4632 -0.00331858 -0.041658 -0.999126 -0.164164
-0.533354 0.845169 -0.0349679 -46.8058 0.845888 0.532763 -0.0252542 19.2044 -0.00271441 -0.0430484 -0.999069 -0.154285
-0.533765 0.845021 -0.0321625 -47.2584 0.845633 0.533349 -0.021071 18.9461 -0.000651655 -0.0384446 -0.999261 -0.138297
-0.532802 0.845612 -0.0325894 -47.7088 0.846219 0.532665 -0.0135008 18.6826 0.00594274 -0.034771 -0.999378 -0.122734
-0.53156 0.846295 -0.0350632 -48.1571 0.846963 0.531552 -0.0103179 18.4206 0.00990589 -0.0351818 -0.999332 -0.112051
-0.530081 0.846872 -0.0426848 -48.599 0.847845 0.530127 -0.0111525 18.1632 0.0131836 -0.0421018 -0.999026 -0.104937
-0.528639 0.84783 -0.0415259 -49.0397 0.848771 0.52861 -0.0125796 17.9084 0.0112856 -0.0418961 -0.999058 -0.0913909
-0.531736 0.846414 -0.0289768 -49.5147 0.846908 0.531348 -0.0204081 17.6338 -0.00187693 -0.0353924 -0.999372 -0.0776327
-0.499204 0.865956 -0.0302468 -49.9542 0.866483 0.498965 -0.0155316 17.3873 0.00164242 -0.0339617 -0.999422 -0.0628622
-0.488068 0.871596 -0.0459343 -50.4066 0.872644 0.488313 -0.00648764 17.1475 0.0167757 -0.0432508 -0.998923 -0.0529569
-0.483584 0.873913 -0.049223 -50.8616 0.87512 0.483856 -0.00703093 16.9123 0.0176724 -0.046476 -0.998763 -0.0411775
-0.479614 0.876463 -0.0422251 -51.3181 0.877337 0.479848 -0.00507625 16.6814 0.0158125 -0.0394803 -0.999095 -0.0250331
-0.47725 0.878182 -0.0320628 -51.7778 0.878763 0.477053 -0.014038 16.4516 0.00296774 -0.0348753 -0.999387 -0.00911305
-0.469929 0.882162 -0.0309489 -52.2353 0.882696 0.469787 -0.0121521 16.2286 0.0038193 -0.0330291 -0.999447 0.00398048
-0.469765 0.882115 -0.0345562 -52.706 0.882729 0.469839 -0.0064645 15.9985 0.0105334 -0.0335406 -0.999382 0.0140497
-0.461454 0.886092 -0.0436064 -53.1718 0.886875 0.462001 0.00281376 15.7708 0.0226394 -0.037375 -0.999045 0.0226569
-0.468755 0.882046 -0.0475791 -53.6267 0.88317 0.469011 -0.00633145 15.5538 0.0167305 -0.0449883 -0.998847 0.0328839
-0.468141 0.882532 -0.0445156 -54.0816 0.883532 0.468319 -0.00698236 15.335 0.0146853 -0.0425997 -0.998984 0.0459885
-0.464039 0.885154 -0.0341975 -54.5408 0.885766 0.464072 -0.00744484 15.118 0.0092803 -0.0337457 -0.999387 0.0604979
-0.461303 0.886561 -0.0347586 -55.01 0.887202 0.461302 -0.00852936 14.8928 0.00847242 -0.0347725 -0.999359 0.0750361
-0.456975 0.88895 -0.0306793 -55.4673 0.889431 0.457039 -0.00532639 14.6752 0.00928673 -0.0297212 -0.999515 0.0857628
-0.454101 0.890156 -0.0376267 -55.9237 0.890815 0.454362 -0.001775 14.4573 0.0155161 -0.0343245 -0.99929 0.0943334
-0.452692 0.890615 -0.0433057 -56.3765 0.891508 0.452994 -0.00313593 14.2422 0.0168243 -0.040027 -0.999057 0.104285
-0.449335 0.892369 -0.0421301 -56.8607 0.893204 0.449645 -0.00235066 14.0142 0.0168459 -0.038687 -0.999109 0.115792
-0.445549 0.894315 -0.0410623 -57.328 0.895147 0.445745 -0.00476176 13.8049 0.0140448 -0.0388784 -0.999145 0.12913
-0.443695 0.895362 -0.0382306 -57.7869 0.896126 0.443723 -0.00820707 13.599 0.00961553 -0.0379009 -0.999235 0.140206
-0.447317 0.893794 -0.0322392 -58.2573 0.894367 0.447178 -0.0118173 13.385 0.00385447 -0.0341198 -0.99941 0.152699
-0.45931 0.88766 -0.0330759 -58.7111 0.888205 0.459425 -0.0045093 13.1733 0.0111932 -0.0314494 -0.999443 0.164679
-0.486579 0.872866 -0.0366723 -59.1818 0.873636 0.486136 -0.0207728 12.9453 -0.000304171 -0.0421459 -0.999111 0.174574
-0.514725 0.856548 -0.0371896 -59.6363 0.857283 0.51476 -0.00936991 12.6946 0.0111179 -0.0367049 -0.999264 0.184496
-0.514296 0.856678 -0.0400385 -60.0867 0.857271 0.514848 0.00419075 12.4398 0.0242039 -0.0321686 -0.999189 0.196568
-0.519644 0.853444 -0.0400409 -60.5385 0.853953 0.520298 0.00732528 12.187 0.0270849 -0.0303865 -0.999171 0.209273
-0.514719 0.856542 -0.0374139 -60.9771 0.857149 0.515069 -0.000329823 11.9439 0.0189882 -0.032239 -0.9993 0.220991
-0.510861 0.858809 -0.038312 -61.4251 0.859559 0.510985 -0.00724731 11.6978 0.0133528 -0.0366338 -0.99924 0.231835
-0.512839 0.857646 -0.0379525 -61.8723 0.858357 0.513024 -0.00543469 11.45 0.0148095 -0.035364 -0.999265 0.242254
-0.505531 0.861662 -0.0444687 -62.3245 0.862518 0.506027 -0.000136424 11.2033 0.0223848 -0.038424 -0.999011 0.252716
-0.507845 0.860373 -0.0430295 -62.7728 0.861179 0.508301 -0.000383477 10.9626 0.021542 -0.0372509 -0.999074 0.264087
-0.508268 0.860223 -0.0409909 -63.2199 0.860946 0.508696 1.74654e-05 10.7182 0.0208669 -0.0352821 -0.99916 0.275025
-0.509894 0.859411 -0.0377011 -63.6702 0.860019 0.510262 0.000156419 10.4718 0.0193719 -0.032344 -0.999289 0.285712
-0.509797 0.859578 -0.035092 -64.1289 0.860167 0.51 -0.00358097 10.2258 0.0148188 -0.0320105 -0.999378 0.299541
-0.512379 0.85793 -0.0377394 -64.5907 0.858633 0.512563 -0.00537576 9.96972 0.0147318 -0.0351587 -0.999273 0.310696
-0.513766 0.857076 -0.0382633 -65.0318 0.857781 0.513998 -0.00428567 9.72798 0.0159941 -0.0350234 -0.999259 0.321355
-0.512493 0.85752 -0.044842 -65.4756 0.858412 0.51296 -0.00125462 9.47783 0.0219263 -0.0391359 -0.998993 0.330241
-0.513692 0.85679 -0.0450776 -65.9362 0.857577 0.514344 0.00343959 9.22158 0.0261324 -0.0368907 -0.998978 0.341597
-0.514081 0.856531 -0.0455561 -66.3722 0.85717 0.514951 0.00915747 8.97661 0.0313028 -0.0343416 -0.99892 0.353746
-0.515522 0.855994 -0.0388737 -66.8252 0.856462 0.516153 0.00768234 8.72923 0.0266408 -0.0293334 -0.999215 0.364367
-0.518076 0.854409 -0.0397779 -67.2856 0.855012 0.518598 0.00336361 8.4747 0.0235026 -0.032268 -0.999203 0.379145
-0.519554 0.853298 -0.0441156 -67.7568 0.854132 0.520056 -9.97017e-05 8.20906 0.0228575 -0.0377323 -0.999026 0.390588
-0.5195 0.853219 -0.046227 -68.2093 0.854158 0.520013 -0.00108299 7.95308 0.0231146 -0.0400478 -0.99893 0.400765
-0.519354 0.853429 -0.0439259 -68.6683 0.854261 0.519844 -0.000320267 7.69526 0.0225613 -0.0376906 -0.999035 0.411852
-0.521286 0.852486 -0.0390841 -69.1114 0.853126 0.521704 0.000580011 7.44835 0.0208848 -0.0330413 -0.999236 0.422818
-0.545803 0.837273 -0.0327553 -69.5552 0.837557 0.546294 0.00782106 7.18588 0.0244424 -0.0231657 -0.999433 0.430666
-0.561105 0.827114 -0.0322956 -69.9896 0.827394 0.561575 0.0071716 6.91213 0.0240681 -0.0226972 -0.999453 0.436837
-0.56103 0.826909 -0.0383019 -70.4226 0.827368 0.561627 0.00616102 6.63977 0.026606 -0.0282332 -0.999247 0.445032
-0.560447 0.82676 -0.048655 -70.8535 0.827487 0.561425 0.00823928 6.36305 0.034128 -0.0356437 -0.998782 0.453142
-0.564589 0.823822 -0.0505639 -71.3164 0.824627 0.565622 0.00784418 6.06986 0.0350622 -0.0372676 -0.99869 0.462864
-0.567576 0.822136 -0.0441563 -71.783 0.822684 0.56843 0.00886234 5.77443 0.0323858 -0.0312966 -0.998985 0.473386
-0.569589 0.821129 -0.0362743 -72.2134 0.821348 0.570291 0.0124445 5.5003 0.0309054 -0.0227056 -0.999264 0.484117
-0.571181 0.81982 -0.0405858 -72.6365 0.820187 0.571988 0.0111503 5.22856 0.0323559 -0.0269191 -0.999114 0.493254
-0.539639 0.840808 -0.0427889 -73.0683 0.841238 0.54053 0.0120998 4.96749 0.0333023 -0.0294661 -0.999011 0.504542
-0.504999 0.861684 -0.0497685 -73.5147 0.862279 0.506213 0.0149626 4.71986 0.0380864 -0.0353582 -0.998649 0.517547
-0.498014 0.866251 -0.0398858 -73.9577 0.866833 0.498575 0.00492053 4.48577 0.0241484 -0.0321238 -0.999192 0.524184
-0.496952 0.867106 -0.034145 -74.4437 0.867605 0.497254 0.000396512 4.22859 0.0173225 -0.0294273 -0.999417 0.536023
-0.491446 0.870293 -0.0327212 -74.9012 0.870768 0.491694 -0.00052548 3.99075 0.0156315 -0.0287508 -0.999464 0.546143
-0.486524 0.872423 -0.0466086 -75.3471 0.873394 0.487014 -0.000952495 3.75938 0.0218681 -0.041171 -0.998913 0.558016
-0.488649 0.871694 -0.0370377 -75.7913 0.871844 0.489473 0.017409 3.52376 0.0333043 -0.0237842 -0.999162 0.559852
-0.484438 0.874226 -0.0323786 -76.2436 0.874523 0.484912 0.00837849 3.29732 0.0230255 -0.0242569 -0.999441 0.568711
-0.483634 0.874393 -0.0391797 -76.6996 0.875021 0.484081 0.00222851 3.06613 0.0209147 -0.0332052 -0.99923 0.573533
-0.479864 0.876547 -0.0373492 -77.1499 0.877065 0.480349 0.00472701 2.83793 0.0220841 -0.0304894 -0.999291 0.58385
-0.515947 0.855742 -0.0387866 -77.4225 0.856447 0.516225 -0.00325326 2.70776 0.0172387 -0.0348972 -0.999242 0.584915
-0.582545 0.812156 -0.0323099 -77.4112 0.812595 0.582828 -0.000795426 2.71066 0.0181851 -0.0267182 -0.999478 0.586756
-0.628143 0.777425 -0.0323441 -77.397 0.777687 0.628619 0.0063689 2.7175 0.0252835 -0.021153 -0.999456 0.587994
-0.67476 0.737355 -0.0317127 -77.3877 0.737498 0.675286 0.0091905 2.72217 0.0281918 -0.0171867 -0.999455 0.583069
-0.722824 0.689905 -0.0394424 -77.3914 0.690007 0.723683 0.0131467 2.71802 0.0376138 -0.0177127 -0.999135 0.583033
-0.766348 0.640975 -0.043141 -77.3964 0.641317 0.767242 0.00720787 2.71289 0.0377196 -0.0221433 -0.999043 0.578262
-0.8012 0.597465 -0.0333675 -77.3919 0.597802 0.801644 -0.000130855 2.71939 0.0266707 -0.020052 -0.999443 0.572597
-0.854694 0.518427 -0.0270642 -77.3866 0.518625 0.855002 -0.000344701 2.72352 0.0229612 -0.0143308 -0.999634 0.577462
-0.893833 0.447459 -0.0290421 -77.3878 0.447539 0.894255 0.00402694 2.72523 0.0277729 -0.00939807 -0.99957 0.570451
-0.923306 0.382395 -0.0357715 -77.3834 0.38263 0.923901 0.000296285 2.71664 0.0331627 -0.0134137 -0.99936 0.571705
-0.94481 0.326522 -0.0267843 -77.3864 0.326763 0.945093 -0.0050777 2.72076 0.0236556 -0.0135496 -0.999628 0.571723
-0.963762 0.266057 -0.0193907 -77.3835 0.266244 0.963875 -0.00772846 2.72882 0.016634 -0.0126111 -0.999782 0.572418
-0.979853 0.198565 -0.0214604 -77.3801 0.198777 0.98001 -0.00823807 2.73056 0.0193957 -0.0123379 -0.999736 0.574104
-0.992502 0.119233 -0.0269064 -77.3796 0.119468 0.992811 -0.00728369 2.72343 0.0258445 -0.0104435 -0.999611 0.56581
-0.997786 0.0615484 -0.025215 -77.3778 0.0618855 0.998001 -0.0128137 2.72209 0.024376 -0.0143458 -0.9996 0.566312
-0.999917 7.63678e-05 -0.0128652 -77.3763 0.000194995 0.999957 -0.00921982 2.74087 0.0128639 -0.00922156 -0.999875 0.57304
-0.996924 -0.07756 -0.0112658 -77.3735 -0.0775304 0.996985 -0.00304908 2.74307 0.0114683 -0.00216626 -0.999932 0.572841
-0.974898 -0.221369 -0.0238645 -77.3701 -0.221277 0.97519 -0.00646332 2.7258 0.0247032 -0.00102043 -0.999694 0.573348
-0.958935 -0.282952 -0.0195391 -77.367 -0.282792 0.959123 -0.0105591 2.72867 0.0217281 -0.00460001 -0.999753 0.574467
-0.93007 -0.367144 -0.0132533 -77.3667 -0.367097 0.930164 -0.00592477 2.73722 0.014503 -0.00064521 -0.999895 0.581215
-0.896715 -0.442449 -0.0118527 -77.3642 -0.442408 0.896793 -0.00603637 2.72913 0.0133002 -0.000169176 -0.999912 0.579804
-0.862378 -0.506188 -0.00880414 -77.3634 -0.506143 0.862422 -0.00692383 2.72342 0.0110976 -0.00151481 -0.999937 0.573187
-0.8442 -0.535988 -0.00655775 -77.1242 -0.535917 0.844211 -0.010052 2.33429 0.0109239 -0.00497147 -0.999928 0.564621
-0.840474 -0.541731 -0.0114527 -76.8653 -0.541775 0.840523 0.000915372 1.88775 0.00913041 0.00697415 -0.999934 0.558174
-0.838605 -0.544673 -0.00854699 -76.6045 -0.544708 0.838623 0.00229005 1.44623 0.00592037 0.00657606 -0.999961 0.551434
-0.835715 -0.549086 -0.00928794 -76.3179 -0.549145 0.835707 0.00578583 0.999693 0.00458508 0.00993573 -0.99994 0.538769
-0.833076 -0.552999 -0.0132707 -76.0299 -0.553107 0.833086 0.00637431 0.538643 0.00753061 0.0126504 -0.999892 0.527154
-0.833991 -0.551609 -0.0136888 -75.7583 -0.551665 0.834066 0.000364423 0.103115 0.0112163 0.00785555 -0.999906 0.515897
-0.831411 -0.555543 -0.0112645 -75.4918 -0.555557 0.831476 -0.00215166 -0.325291 0.0105615 0.00446917 -0.999934 0.502339
-0.828098 -0.560481 -0.0107154 -75.2032 -0.560525 0.828136 0.00143197 -0.799003 0.00807124 0.00719207 -0.999942 0.490853
-0.827676 -0.561006 -0.0150071 -74.9285 -0.561059 0.827775 -0.000780377 -1.22767 0.0128603 0.00777397 -0.999887 0.479875
-0.82613 -0.56337 -0.0110935 -74.6596 -0.563357 0.826201 -0.00459033 -1.65156 0.0117515 0.00245741 -0.999928 0.470873
-0.85111 -0.524786 -0.0145494 -74.4549 -0.524747 0.851232 -0.0066643 -1.98979 0.0158823 0.00196272 -0.999872 0.467408
-0.863414 -0.50436 -0.011682 -74.2167 -0.504379 0.863481 -0.00148162 -2.43184 0.0108344 0.00461288 -0.999931 0.455503
-0.862371 -0.506251 -0.00512541 -73.9738 -0.506258 0.862382 -4.31995e-05 -2.88263 0.00444193 0.00255752 -0.999987 0.44437
-0.861408 -0.507903 -0.00314935 -73.8192 -0.507876 0.861404 -0.0066915 -3.16802 0.0061115 -0.00416463 -0.999973 0.436808
-0.861898 -0.507047 -0.00588616 -73.5733 -0.506999 0.861909 -0.00805779 -3.6189 0.00915902 -0.00396072 -0.99995 0.426577
-0.863189 -0.504755 -0.011306 -73.3158 -0.504827 0.863208 0.00460288 -4.09507 0.00743613 0.00968074 -0.999925 0.421226
-0.864742 -0.502086 -0.0114806 -73.0686 -0.502169 0.864748 0.00602116 -4.55155 0.00690467 0.0109719 -0.999916 0.412428
-0.86476 -0.50213 -0.00748974 -72.8329 -0.502165 0.864763 0.00378857 -4.99819 0.0045745 0.00703729 -0.999965 0.400929
-0.865972 -0.500072 -0.00452074 -72.5891 -0.500077 0.865981 0.000162693 -5.44446 0.00383351 0.00240161 -0.99999 0.391657
-0.865626 -0.500686 -0.00209391 -72.3587 -0.500685 0.865629 -0.00126721 -5.88806 0.00244703 -4.85413e-05 -0.999997 0.380641
-0.866486 -0.499197 -0.00234594 -72.1209 -0.499197 0.866488 -0.00036765 -6.33368 0.00221626 0.000852525 -0.999997 0.370207
-0.866336 -0.499379 -0.00908848 -71.8818 -0.499394 0.866375 -0.000628325 -6.77786 0.0081878 0.00399439 -0.999959 0.357187
-0.867592 -0.496962 -0.0177023 -71.6303 -0.497008 0.867744 -0.0020304 -7.23602 0.0163701 0.00703661 -0.999841 0.347392
-0.867882 -0.496421 -0.0186354 -71.3913 -0.49654 0.868011 0.00214355 -7.69044 0.0151116 0.0111136 -0.999824 0.338855
-0.868255 -0.495889 -0.0151143 -71.1386 -0.495973 0.868335 0.0022284 -8.18105 0.0120192 0.0094311 -0.999883 0.329142
-0.871905 -0.489639 -0.00596488 -70.9012 -0.489659 0.871911 0.0024113 -8.64599 0.00402018 0.00502318 -0.999979 0.318805
-0.870704 -0.491807 0.000535556 -70.666 -0.491807 0.870704 0.000490431 -9.09603 -0.000707509 0.00016363 -1 0.308184
-0.871957 -0.489536 -0.00673988 -70.428 -0.489536 0.871981 -0.00172591 -9.55425 0.00672194 0.00179449 -0.999976 0.296766
-0.871159 -0.490755 -0.0155755 -70.1964 -0.490727 0.871294 -0.00578948 -10.0018 0.016412 0.00259976 -0.999862 0.289398
-0.869796 -0.493083 -0.018011 -69.962 -0.493052 0.869976 -0.00643701 -10.4514 0.0188431 0.00328145 -0.999817 0.280881
-0.869012 -0.494477 -0.017637 -69.7284 -0.494469 0.86918 -0.00510404 -10.8991 0.0178536 0.0042855 -0.999831 0.272546
-0.870151 -0.492744 -0.00636376 -69.494 -0.492764 0.870161 0.00199408 -11.3465 0.00455492 0.00487099 -0.999978 0.263093
-0.870081 -0.492908 -0.000813851 -69.2598 -0.492891 0.870033 0.0100929 -11.7989 -0.00426681 0.0091828 -0.999949 0.250683
-0.870707 -0.491717 -0.00911255 -69.0147 -0.491664 0.870753 -0.00745545 -12.2524 0.0116007 -0.0020112 -0.999931 0.238279
-0.871982 -0.488996 -0.0230216 -68.7803 -0.488944 0.872276 -0.00824248 -12.7103 0.0241118 0.00406899 -0.999701 0.229227
-0.871541 -0.489875 -0.0209473 -68.5441 -0.489838 0.871784 -0.00723888 -13.1696 0.0218076 0.00395179 -0.999754 0.218984
-0.868533 -0.495569 -0.00790518 -68.3015 -0.49563 0.868461 0.0112134 -13.6396 0.00130834 0.0136572 -0.999906 0.210809
-0.868715 -0.495302 -0.00337669 -68.0661 -0.495308 0.868655 0.0104178 -14.0904 -0.00222675 0.0107226 -0.99994 0.202964
-0.866612 -0.498979 0.00173119 -67.8298 -0.498981 0.866611 -0.0014805 -14.535 -0.000761529 -0.00214685 -0.999997 0.190554
-0.866868 -0.498503 -0.00588046 -67.5874 -0.498466 0.866883 -0.00670939 -14.9827 0.00844233 -0.00288494 -0.99996 0.180831
-0.870032 -0.492143 -0.0289818 -67.3397 -0.492159 0.870476 -0.00707516 -15.4434 0.0287099 0.00810804 -0.999555 0.170801
-0.871303 -0.490078 -0.0255854 -67.1012 -0.490195 0.871611 -0.00190844 -15.9099 0.0232358 0.010879 -0.999671 0.161313
-0.8703 -0.49228 -0.0154688 -66.8604 -0.492304 0.87042 -0.00245392 -16.3788 0.0146724 0.00547971 -0.999877 0.153475
-0.87181 -0.489808 -0.00604874 -66.6171 -0.489831 0.871811 0.00330424 -16.8533 0.00365492 0.00584353 -0.999976 0.144134
-0.870769 -0.491622 0.00833413 -66.387 -0.491595 0.870809 0.00511939 -17.3132 -0.00977424 0.000360787 -0.999952 0.133154
-0.871189 -0.49088 0.00812024 -66.1507 -0.490868 0.871227 0.00349886 -17.7665 -0.00879209 -0.000937797 -0.999961 0.124417
-0.871993 -0.489497 0.00460867 -65.9175 -0.489494 0.872005 0.00191909 -18.2191 -0.00495817 -0.000582481 -0.999988 0.117449
-0.870515 -0.492045 -0.00977211 -65.6738 -0.492069 0.870556 7.63575e-05 -18.6884 0.0084696 0.00487502 -0.999952 0.111756
-0.868572 -0.495363 -0.0141008 -65.425 -0.495416 0.868656 0.000296198 -19.1639 0.012102 0.00724304 -0.999901 0.101962
-0.868476 -0.495193 -0.0230927 -65.1765 -0.495281 0.86873 -0.00215418 -19.6326 0.021128 0.0095665 -0.999731 0.0919365
-0.867984 -0.496173 -0.0203949 -64.9273 -0.496257 0.868175 -0.00104362 -20.1003 0.0182242 0.00921528 -0.999791 0.0809808
-0.87786 -0.47874 -0.0130605 -64.6891 -0.47885 0.877868 0.00706732 -20.554 0.00808202 0.0124581 -0.99989 0.0677542
-0.878735 -0.477223 -0.00910689 -64.4594 -0.477247 0.878769 0.000505841 -21.0121 0.00776145 0.00479074 -0.999958 0.0573892
-0.880621 -0.47374 -0.00875241 -64.232 -0.473754 0.880657 -0.000517757 -21.4635 0.00795315 0.00369055 -0.999962 0.0466652
-0.880917 -0.47302 -0.0154157 -64.0044 -0.473052 0.881033 -0.00176347 -21.9273 0.0144159 0.00573893 -0.99988 0.0376612
-0.880345 -0.473878 -0.0207911 -63.7798 -0.473993 0.880528 0.000690111 -22.3799 0.0179801 0.0104624 -0.999784 0.0284238
-0.880056 -0.474471 -0.0194809 -63.549 -0.474548 0.880229 -0.000725715 -22.8353 0.017492 0.00860597 -0.99981 0.0190071
-0.881361 -0.472113 -0.0176564 -63.3145 -0.472095 0.881531 -0.00544127 -23.3114 0.0181335 0.00353975 -0.999829 0.0123274
-0.882646 -0.470013 -0.00494238 -63.0945 -0.470009 0.882659 -0.00203412 -23.7641 0.0053185 0.000527554 -0.999986 0.00303016
-0.884477 -0.46656 -0.00469545 -62.8698 -0.466564 0.884488 -0.000350733 -24.2277 0.00431671 0.00188051 -0.999989 -0.00378309
-0.885492 -0.464652 -0.00178443 -62.6323 -0.464655 0.885484 0.00372359 -24.7333 -0.000150092 0.00412635 -0.999991 -0.0141636
-0.885809 -0.464018 -0.00539083 -62.4148 -0.464028 0.88582 0.000695045 -25.1877 0.00445279 0.00311717 -0.999985 -0.0213484
-0.885845 -0.463927 -0.00715959 -62.1861 -0.463952 0.885857 0.00230812 -25.661 0.00527157 0.00536634 -0.999972 -0.0290888
-0.886276 -0.463057 -0.00967269 -61.9581 -0.463111 0.88629 0.00421958 -26.1387 0.0066189 0.00821924 -0.999944 -0.0367591
-0.886749 -0.461977 -0.0159442 -61.7431 -0.462079 0.886833 0.00327277 -26.5925 0.0126279 0.0102696 -0.999868 -0.0476258
-0.886927 -0.461675 -0.01475 -61.515 -0.461733 0.887018 0.000665641 -27.0664 0.0127762 0.00740095 -0.999891 -0.0575913
-0.886806 -0.46202 -0.0106384 -61.2844 -0.462039 0.88686 -0.000739938 -27.5473 0.00977663 0.00425917 -0.999943 -0.0685966
-0.887875 -0.460067 -0.00404572 -61.0567 -0.460079 0.887874 0.00280745 -28.0274 0.00230048 0.00435402 -0.999988 -0.0780688
-0.888311 -0.459238 0.00189546 -60.8343 -0.459234 0.888313 0.00214634 -28.4942 -0.00266944 0.00103616 -0.999996 -0.0880179
-0.885919 -0.463832 0.00278539 -60.6146 -0.46381 0.885913 0.00618949 -28.9545 -0.00533849 0.00419149 -0.999977 -0.0980506
-0.885231 -0.46513 0.00441916 -60.3893 -0.465105 0.885238 0.00560198 -29.4194 -0.00651765 0.00290368 -0.999975 -0.108197
-0.885609 -0.464401 -0.00525984 -60.1507 -0.464431 0.885555 0.00979615 -29.912 0.000108536 0.0111184 -0.999938 -0.119356
-0.887603 -0.460298 -0.0169111 -59.9305 -0.460426 0.887687 0.00438777 -30.3699 0.0129921 0.0116809 -0.999847 -0.131427
-0.887355 -0.460717 -0.0184814 -59.7038 -0.460868 0.887456 0.00471348 -30.8447 0.0142299 0.0127 -0.999818 -0.142186
-0.887532 -0.460395 -0.017958 -59.4822 -0.460453 0.887684 -0.00103015 -31.3079 0.0164153 0.00735453 -0.999838 -0.153062
-0.886193 -0.462922 -0.0191167 -59.2488 -0.462912 0.886389 -0.00524399 -31.789 0.0193724 0.00420215 -0.999804 -0.16204
-0.858079 -0.513428 -0.00954878 -59.1229 -0.513462 0.858111 0.00131294 -32.0474 0.00751981 0.00602954 -0.999954 -0.165779
-0.819152 -0.573444 -0.0123228 -59.03 -0.57354 0.819153 0.00633633 -32.1947 0.00646075 0.0122581 -0.999904 -0.169068
-0.764609 -0.644284 -0.0164659 -58.8763 -0.644452 0.764602 0.00806191 -32.4107 0.0073957 0.0167757 -0.999832 -0.175622
-0.711525 -0.702354 -0.0207656 -58.7975 -0.702541 0.711638 0.00257154 -32.5032 0.0129715 0.0164184 -0.999781 -0.176496
-0.666052 -0.745613 -0.0209011 -58.7533 -0.745747 0.666227 -0.00197134 -32.5392 0.0153948 0.0142739 -0.99978 -0.186688
-0.615691 -0.787968 -0.00552465 -58.6852 -0.787956 0.615589 0.0132853 -32.5985 -0.0070675 0.0125328 -0.999896 -0.182761
-0.562203 -0.826976 -0.00626316 -58.6276 -0.826928 0.562039 0.0173889 -32.6437 -0.0108601 0.0149553 -0.999829 -0.180751
-0.48852 -0.872485 -0.0108836 -58.5677 -0.872536 0.488395 0.0122636 -32.6848 -0.00538426 0.0154873 -0.999866 -0.179005
-0.415835 -0.909371 -0.0111999 -58.5107 -0.90942 0.415877 -0.00163191 -32.7113 0.00614179 0.0095068 -0.999936 -0.189874
-0.363182 -0.93171 -0.00381872 -58.4331 -0.931716 0.36317 0.00353309 -32.7369 -0.00190497 0.00484112 -0.999986 -0.189533
-0.290718 -0.956808 0.000673031 -58.3789 -0.956649 0.290683 0.0180659 -32.7687 -0.0174812 0.00460823 -0.999837 -0.182447
-0.177968 -0.984017 -0.00623847 -58.3069 -0.984003 0.177907 0.00930692 -32.7936 -0.0080483 0.00779501 -0.999937 -0.189041
-0.0956788 -0.995409 -0.00262586 -58.2418 -0.995412 0.0956762 0.00112903 -32.8023 -0.000872612 0.00272184 -0.999996 -0.195527
-0.0119566 -0.999927 0.00164254 -58.159 -0.999848 0.0119765 0.0126639 -32.8088 -0.0126827 -0.00149087 -0.999918 -0.201145
0.05897 -0.998259 -0.00100688 -58.1002 -0.99808 -0.0589785 0.0189141 -32.8038 -0.0189405 -0.000110413 -0.999821 -0.199938
0.134859 -0.990857 -0.00390554 -58.0515 -0.99071 -0.134906 0.0171672 -32.7916 -0.0175372 0.0015541 -0.999845 -0.206845
0.239012 -0.971013 0.00258924 -57.9687 -0.970891 -0.238937 0.0166919 -32.7744 -0.0155894 -0.00650343 -0.999857 -0.208881
0.290556 -0.956855 0.00242942 -57.5822 -0.956691 -0.290457 0.0194187 -32.6763 -0.0178753 -0.00796644 -0.999808 -0.216379
0.369631 -0.929178 -0.00112712 -57.4953 -0.928876 -0.369542 0.0250576 -32.646 -0.0236995 -0.00821513 -0.999685 -0.210214
0.437773 -0.899084 -0.00149341 -57.3983 -0.899019 -0.43776 0.011444 -32.6041 -0.0109429 -0.00366726 -0.999933 -0.217882
0.438819 -0.898571 -0.00273511 -56.9457 -0.898375 -0.438784 0.0197756 -32.395 -0.0189699 -0.00622076 -0.999801 -0.220379
0.447064 -0.894502 0.000778508 -56.4513 -0.894337 -0.446964 0.0195864 -32.1764 -0.0171721 -0.00945261 -0.999808 -0.221644
0.45088 -0.892569 0.0052657 -55.9895 -0.892442 -0.450695 0.0205522 -31.9593 -0.015971 -0.0139659 -0.999775 -0.218287
0.449375 -0.8933 0.00884312 -55.5053 -0.893253 -0.449167 0.0186435 -31.744 -0.0126822 -0.0162771 -0.999787 -0.21998
0.454585 -0.89069 0.00499421 -55.0518 -0.890565 -0.454408 0.0201761 -31.5335 -0.0157012 -0.0136194 -0.999784 -0.218743
0.449474 -0.893292 0.00165462 -54.5666 -0.892985 -0.449269 0.0271368 -31.3062 -0.0234977 -0.0136748 -0.99963 -0.220239
0.473826 -0.880599 -0.00581466 -54.099 -0.880028 -0.47374 0.0334815 -31.079 -0.0322384 -0.0107474 -0.999422 -0.221476
0.498874 -0.866667 0.00363778 -53.649 -0.866564 -0.498739 0.018069 -30.8451 -0.0138455 -0.0121665 -0.99983 -0.220986
0.508219 -0.86122 0.00360448 -53.2011 -0.861145 -0.508108 0.0160267 -30.6007 -0.011971 -0.0112491 -0.999865 -0.219042
0.515523 -0.856867 0.00397255 -52.7479 -0.856755 -0.515367 0.0191663 -30.3532 -0.0143757 -0.0132842 -0.999808 -0.219823
0.52267 -0.852533 0.00175891 -52.2961 -0.852411 -0.522557 0.0181743 -30.1029 -0.0145751 -0.0109985 -0.999833 -0.220213
0.522664 -0.852474 0.0105373 -51.8561 -0.852449 -0.52239 0.0209432 -29.8535 -0.012349 -0.0199288 -0.999725 -0.215626
0.531011 -0.84732 0.0086572 -51.3306 -0.847261 -0.530759 0.0210549 -29.5547 -0.0132453 -0.0185153 -0.999741 -0.214111
0.535574 -0.844432 0.00978725 -50.8808 -0.844402 -0.535317 0.0205094 -29.2902 -0.0120795 -0.0192487 -0.999742 -0.210177
0.543232 -0.8395 0.011728 -50.4451 -0.839481 -0.542896 0.0231424 -29.0334 -0.013061 -0.0224172 -0.999663 -0.207125
0.550141 -0.834962 0.0135194 -50.0025 -0.835005 -0.54982 0.0215536 -28.7696 -0.0105632 -0.0231463 -0.999676 -0.203748
0.548788 -0.835907 0.00955686 -49.559 -0.835892 -0.548559 0.0191702 -28.4959 -0.010782 -0.0185089 -0.999771 -0.199063
0.516947 -0.855996 0.00613938 -49.1202 -0.855949 -0.516801 0.0163585 -28.2407 -0.01083 -0.0137115 -0.999847 -0.192607
0.516861 -0.855989 0.0117401 -48.6757 -0.856045 -0.516695 0.0145816 -27.9933 -0.00641565 -0.0175867 -0.999825 -0.193006
0.517142 -0.855781 0.0142638 -48.2268 -0.855878 -0.516938 0.0157644 -27.7449 -0.00611737 -0.0203605 -0.999774 -0.191242
0.517025 -0.855777 0.0182051 -47.7797 -0.855956 -0.516777 0.0167718 -27.4943 -0.0049449 -0.0242542 -0.999694 -0.18957
0.520035 -0.853946 0.0184095 -47.3126 -0.85412 -0.519734 0.0188671 -27.2317 -0.00654348 -0.0255355 -0.999653 -0.18328
0.508994 -0.860559 0.0190578 -46.8716 -0.860749 -0.508701 0.0183128 -26.9904 -0.00606455 -0.0257251 -0.999651 -0.180042
0.492866 -0.869838 0.0215706 -46.4153 -0.870104 -0.492744 0.0110129 -26.7454 0.00104933 -0.0241966 -0.999707 -0.175041
0.489903 -0.871716 0.0103235 -45.9004 -0.87174 -0.48974 0.0149541 -26.485 -0.00797986 -0.0163255 -0.999835 -0.169669
0.487136 -0.873313 0.00468128 -45.4139 -0.873264 -0.487031 0.0144963 -26.2323 -0.0103799 -0.0111497 -0.999884 -0.166012
0.48529 -0.87432 0.00760242 -44.9502 -0.874282 -0.485121 0.0169818 -25.9956 -0.0111594 -0.0148878 -0.999827 -0.162952
0.481137 -0.876549 0.0130291 -44.4825 -0.87651 -0.480748 0.0247418 -25.7642 -0.0154237 -0.0233243 -0.999609 -0.157692
0.480931 -0.87658 0.0177106 -44.0266 -0.8766 -0.480361 0.0287285 -25.534 -0.0166753 -0.0293416 -0.99943 -0.153289
0.479865 -0.877132 0.0191823 -43.5708 -0.877204 -0.479287 0.0282403 -25.3036 -0.0155767 -0.0303784 -0.999417 -0.148176
0.478837 -0.877774 0.0150774 -43.1016 -0.877766 -0.478386 0.0259627 -25.0701 -0.0155766 -0.0256663 -0.999549 -0.145133
0.478212 -0.878116 0.0150421 -42.6535 -0.878204 -0.477954 0.0178475 -24.8419 -0.00848275 -0.021745 -0.999728 -0.14122
0.477931 -0.87831 0.012426 -42.1817 -0.87837 -0.477755 0.0147374 -24.6088 -0.00700745 -0.0179581 -0.999814 -0.135973
0.475343 -0.879738 0.0105075 -41.7344 -0.879752 -0.475156 0.0162266 -24.3855 -0.00928241 -0.0169572 -0.999813 -0.132183
0.474323 -0.880273 0.0117126 -41.2383 -0.880311 -0.474134 0.0158027 -24.1413 -0.00835735 -0.0178063 -0.999807 -0.124968
0.474406 -0.880225 0.0119211 -40.775 -0.880039 -0.473885 0.0310645 -23.9213 -0.0216946 -0.0252282 -0.999446 -0.122502
0.473413 -0.88072 0.0145724 -40.3116 -0.880706 -0.472986 0.0253046 -23.6917 -0.0153937 -0.0248135 -0.999574 -0.118547
0.473094 -0.880708 0.0231498 -39.8477 -0.880957 -0.472608 0.0235787 -23.4597 -0.00982519 -0.031549 -0.999454 -0.114507
0.476142 -0.87898 0.0261224 -39.397 -0.879365 -0.475842 0.0170959 -23.2348 -0.00259686 -0.0311112 -0.999513 -0.108712
0.449034 -0.893113 0.0267763 -38.9936 -0.893183 -0.449482 -0.013793 -23.0302 0.0243542 -0.0177226 -0.999546 -0.101858
0.386364 -0.922044 0.0236047 -38.8246 -0.922217 -0.386612 -0.00686237 -22.9634 0.0154533 -0.0191173 -0.999698 -0.0964257
0.335555 -0.941954 0.0111961 -38.7078 -0.942013 -0.335481 0.00804853 -22.9242 -0.00382526 -0.0132476 -0.999905 -0.095466
0.262322 -0.964965 0.00542722 -38.5228 -0.964892 -0.262218 0.0150046 -22.8708 -0.0130558 -0.00917274 -0.999873 -0.098964
0.197845 -0.980188 0.00942893 -38.4437 -0.980002 -0.19758 0.0236415 -22.8531 -0.0213101 -0.0139177 -0.999676 -0.0901671
0.144833 -0.989264 0.0195018 -38.3293 -0.989373 -0.144538 0.0157855 -22.8356 -0.0127973 -0.0215808 -0.999685 -0.0964711
0.0984777 -0.994938 0.0200175 -38.137 -0.995079 -0.0986736 -0.00904385 -22.8177 0.0109733 -0.0190284 -0.999759 -0.0933874
0.0229952 -0.999625 0.0148934 -38.0194 -0.999735 -0.0229738 0.00160747 -22.8089 -0.00126471 -0.0149264 -0.999888 -0.0887876
-0.0601316 -0.998145 0.0094902 -37.8927 -0.998185 0.0601607 0.00280526 -22.8151 -0.003371 -0.00930429 -0.999951 -0.0825191
-0.136261 -0.990611 0.0110603 -37.8282 -0.990503 0.136436 0.017009 -22.8295 -0.0183584 -0.00863764 -0.999794 -0.0876816
-0.203363 -0.978955 0.017051 -37.7246 -0.978911 0.203637 0.0162796 -22.8529 -0.0194092 -0.0133808 -0.999722 -0.0862039
-0.26049 -0.965342 0.0161246 -37.5844 -0.96544 0.260589 0.00437675 -22.8828 -0.00842695 -0.0144272 -0.99986 -0.0819908
-0.32951 -0.944058 0.0133122 -37.4817 -0.944139 0.329548 0.00070652 -22.9223 -0.005054 -0.0123357 -0.999911 -0.0774265
-0.408712 -0.91263 0.00781143 -37.3259 -0.912608 0.408766 0.00750311 -22.9862 -0.0100406 -0.00406216 -0.999941 -0.0800049
-0.479021 -0.877628 0.0175754 -37.2704 -0.877572 0.479258 0.0133533 -23.0177 -0.0201424 -0.00902719 -0.999756 -0.0745355
-0.532144 -0.84637 0.0219091 -37.2146 -0.846395 0.532443 0.010963 -23.0558 -0.0209441 -0.0127099 -0.9997 -0.0808966
-0.538777 -0.842402 0.00879152 -36.7859 -0.842439 0.538791 -0.000940229 -23.3437 -0.00394474 -0.00791289 -0.999961 -0.082796
-0.544556 -0.838724 0.0010278 -36.35 -0.838714 0.544542 -0.0057848 -23.637 0.00429217 -0.00401218 -0.999983 -0.0808796
-0.518964 -0.8546 0.0183179 -35.9266 -0.854439 0.519248 0.0177611 -23.9327 -0.0246901 -0.00643417 -0.999674 -0.0777652
-0.480879 -0.876408 0.0257651 -35.8321 -0.876376 0.481345 0.01648 -23.9893 -0.0268452 -0.0146551 -0.999532 -0.078438
-0.447363 -0.894281 0.0112697 -35.4459 -0.89434 0.447388 -0.000397939 -24.199 -0.00468607 -0.010257 -0.999936 -0.0804975
-0.397007 -0.917797 0.00586981 -35.2494 -0.917805 0.397025 0.00225489 -24.3019 -0.00439999 -0.00449213 -0.99998 -0.081252
-0.334442 -0.94236 0.0103279 -35.1437 -0.942335 0.334537 0.00945149 -24.3551 -0.0123618 -0.00657136 -0.999902 -0.077375
-0.239132 -0.970956 0.00773607 -35.0485 -0.970985 0.23914 5.03108e-05 -24.3881 -0.00189885 -0.00749958 -0.99997 -0.0777894
-0.175212 -0.984441 0.0132993 -34.9923 -0.984529 0.175174 -0.00397958 -24.3969 0.00158796 -0.0137908 -0.999904 -0.0849988
-0.102133 -0.994693 0.0124159 -34.9257 -0.994739 0.102222 0.00675837 -24.4125 -0.00799168 -0.0116603 -0.9999 -0.0815889
-0.0298732 -0.999534 0.00634661 -34.8666 -0.999539 0.0299064 0.00520045 -24.412 -0.00538783 -0.00618833 -0.999966 -0.0819992
0.0505238 -0.998664 0.0108631 -34.8213 -0.998721 -0.0505414 -0.00134648 -24.4043 0.00189372 -0.0107812 -0.99994 -0.0765006
0.121119 -0.992546 0.0134931 -34.7427 -0.992638 -0.121113 0.00127422 -24.3934 0.000369472 -0.0135481 -0.999908 -0.0857435
0.18515 -0.982688 0.00659458 -34.6752 -0.982616 -0.185034 0.0151239 -24.3892 -0.0136418 -0.00928012 -0.999864 -0.0810657
0.249009 -0.968491 0.00442849 -34.6119 -0.968417 -0.248924 0.0143534 -24.379 -0.0127988 -0.00786275 -0.999887 -0.0803995
0.343985 -0.938943 0.00777279 -34.5551 -0.938971 -0.343946 0.00588667 -24.3548 -0.00285383 -0.00932335 -0.999952 -0.0782928
0.400484 -0.916205 0.0134167 -34.4965 -0.916301 -0.400473 0.00361014 -24.3274 0.0020654 -0.0137396 -0.999903 -0.0868597
0.40849 -0.9127 0.010711 -34.0157 -0.912761 -0.408438 0.00676325 -24.1307 -0.00179802 -0.0125393 -0.99992 -0.0807414
0.443562 -0.89619 -0.00978727 -33.6568 -0.895789 -0.443658 0.02701 -23.9897 -0.0285483 -0.00321326 -0.999587 -0.0750157
0.473559 -0.880762 0.00109294 -33.3259 -0.88073 -0.473531 0.00909616 -23.8174 -0.00749401 -0.00527015 -0.999958 -0.0752994
0.463894 -0.88579 0.0133687 -32.8286 -0.885744 -0.464039 -0.0111887 -23.5734 0.0161144 -0.00665092 -0.999848 -0.0731724
0.466551 -0.884387 0.0137756 -32.3737 -0.88438 -0.466684 -0.00878603 -23.3538 0.0141991 -0.00808372 -0.999867 -0.0725634
0.466547 -0.88433 0.0171796 -31.8865 -0.884474 -0.466586 0.00189177 -23.1153 0.0063428 -0.0160775 -0.999851 -0.0703253
0.466969 -0.884118 0.0165848 -31.4179 -0.88427 -0.466941 0.00578562 -22.8948 0.00262897 -0.0173672 -0.999846 -0.0636219
0.471147 -0.881908 0.0160584 -30.9602 -0.882041 -0.471163 0.00304936 -22.6701 0.00487686 -0.0156009 -0.999866 -0.0595424
0.47554 -0.879593 0.0132977 -30.4697 -0.879664 -0.475594 -0.00104523 -22.4226 0.0072437 -0.0112005 -0.999911 -0.0567421
0.479417 -0.877396 0.0183354 -30.0038 -0.877522 -0.479531 -0.00212068 -22.1893 0.0106531 -0.0150731 -0.99983 -0.0542992
0.479805 -0.877112 0.0215028 -29.5332 -0.877327 -0.47989 0.00133903 -21.9531 0.0091445 -0.0195075 -0.999768 -0.0501555
0.483707 -0.875021 0.0191011 -29.0665 -0.875199 -0.483759 0.00208646 -21.7172 0.00741462 -0.0177265 -0.999815 -0.0464875
0.48988 -0.87147 0.0236016 -28.6733 -0.871728 -0.489988 0.00138753 -21.5196 0.0103553 -0.0212539 -0.99972 -0.0419859
0.484349 -0.874694 0.0177912 -28.376 -0.874858 -0.484366 0.00364779 -21.3664 0.00542675 -0.0173316 -0.999835 -0.0411528
0.488193 -0.872455 0.0221298 -27.9277 -0.872735 -0.488011 0.0133611 -21.1389 -0.000857327 -0.0258362 -0.999666 -0.0397197
0.480038 -0.876549 0.034992 -27.4715 -0.87702 -0.48044 -0.00360681 -20.9046 0.0199731 -0.0289573 -0.999381 -0.0325789
0.480398 -0.876405 0.0336491 -27.019 -0.876876 -0.480714 -0.00148023 -20.6792 0.0174729 -0.028795 -0.999433 -0.0245491
0.485369 -0.874203 0.0136598 -26.5567 -0.874305 -0.485357 0.00445291 -20.4475 0.00273715 -0.0141042 -0.999897 -0.0183991
0.48074 -0.876793 0.0110932 -26.106 -0.876862 -0.480687 0.00723059 -20.2161 -0.00100736 -0.0132033 -0.999912 -0.0166105
0.484491 -0.874639 0.0166093 -25.645 -0.874795 -0.484438 0.00736544 -19.9817 0.00160409 -0.0180982 -0.999835 -0.0151074
0.483391 -0.875103 0.0229969 -25.1952 -0.875358 -0.483468 0.00241714 -19.7511 0.00900305 -0.021299 -0.999733 -0.015112
0.483057 -0.875275 0.023442 -24.7415 -0.875507 -0.483205 -0.000730285 -19.5201 0.0119665 -0.0201708 -0.999725 -0.0098581
0.479962 -0.876811 0.0289699 -24.291 -0.877088 -0.480297 -0.00554626 -19.2926 0.0187772 -0.0227472 -0.999565 -0.00725949
0.482063 -0.87586 0.0220228 -23.8377 -0.875959 -0.482319 -0.00801993 -19.062 0.0176464 -0.015425 -0.999725 -0.00346847
0.481726 -0.875972 0.0247492 -23.3705 -0.876188 -0.481954 -0.00385835 -18.8241 0.0153078 -0.0198263 -0.999686 0.00139723
0.512112 -0.858823 0.0128416 -23.0663 -0.858825 -0.511779 0.0223956 -18.6708 -0.0126618 -0.0224978 -0.999667 0.0017661
0.512804 -0.858193 0.0231498 -22.6138 -0.858482 -0.512805 0.00633647 -18.4187 0.00643342 -0.023123 -0.999712 0.00281487
0.518805 -0.854538 0.0246046 -22.1691 -0.854655 -0.519124 -0.00860098 -18.1666 0.0201227 -0.0165662 -0.99966 0.00453464
0.52234 -0.852228 0.0294627 -21.7204 -0.852413 -0.522783 -0.00954678 -17.9118 0.0235386 -0.0201277 -0.99952 0.00693311
0.52602 -0.849807 0.0336351 -21.2535 -0.850169 -0.526477 -0.00589945 -17.6484 0.0227215 -0.0254923 -0.999417 0.0144948
0.52723 -0.849245 0.0284948 -20.811 -0.849544 -0.52751 -0.00280771 -17.3892 0.0174157 -0.0227273 -0.99959 0.0196374
0.528563 -0.848561 0.0237703 -20.3598 -0.848795 -0.528722 -0.000485084 -17.1353 0.0129795 -0.0199197 -0.999717 0.0254858
0.528328 -0.848734 0.022806 -19.9238 -0.848991 -0.528396 0.00344143 -16.8859 0.00912975 -0.0211803 -0.999734 0.0277081
0.529941 -0.847806 0.0196961 -19.4689 -0.84798 -0.530027 0.000979492 -16.6304 0.00960904 -0.017221 -0.999806 0.0311837
0.58503 -0.810741 0.0209666 -19.3004 -0.810971 -0.585065 0.00502942 -16.5209 0.00818928 -0.0199457 -0.999768 0.0335483
0.646176 -0.762938 0.0195264 -19.2014 -0.763003 -0.646371 -0.00546134 -16.4434 0.016788 -0.0113698 -0.999794 0.0338039
0.715449 -0.698378 0.0200321 -19.1306 -0.698409 -0.715669 -0.00657959 -16.3789 0.0189314 -0.00928321 -0.999778 0.0350483
0.767007 -0.641233 0.0228052 -19.0967 -0.641316 -0.767264 -0.00444049 -16.3357 0.020345 -0.0112195 -0.99973 0.0232381
0.80737 -0.589594 0.0230841 -19.0497 -0.589772 -0.807569 0.00112359 -16.2712 0.0179796 -0.0145215 -0.999733 0.0243973
0.863885 -0.503522 0.0129645 -18.9995 -0.503633 -0.863887 0.00733125 -16.2089 0.00750843 -0.0128627 -0.999889 0.0336507
0.900935 -0.433424 0.0214483 -18.9715 -0.433543 -0.901132 0.00099743 -16.1483 0.0188955 -0.0101974 -0.999769 0.0258322
0.925964 -0.37708 0.0200297 -18.951 -0.377286 -0.926065 0.00766727 -16.0931 0.0156577 -0.0146566 -0.99977 0.0295668
0.962198 -0.271744 0.0181774 -18.9149 -0.271838 -0.962339 0.00289344 -15.9943 0.0167065 -0.00772537 -0.999831 0.03432
0.974652 -0.22159 0.0308512 -18.9018 -0.221727 -0.975108 0.00106148 -15.9111 0.0298481 -0.00787512 -0.999523 0.0318285
0.980965 -0.193806 0.0120785 -18.7735 -0.19394 -0.980951 0.0110976 -15.4161 0.00969767 -0.0132289 -0.999865 0.034098
0.99262 -0.121133 0.00561505 -18.76 -0.121188 -0.992569 0.0109681 -15.3346 0.00424474 -0.0115676 -0.999924 0.0363003
0.997473 -0.0680005 0.0205943 -18.7483 -0.0681096 -0.997667 0.00464311 -15.2206 0.0202306 -0.00603405 -0.999777 0.0347065
0.999626 -0.0184216 0.0201884 -18.7472 -0.0186782 -0.999746 0.0125964 -15.0821 0.0199512 -0.0129688 -0.999717 0.0297489
0.996613 0.081357 0.0119985 -18.7505 0.0812011 -0.996614 0.0129544 -14.9946 0.0130118 -0.0119362 -0.999844 0.0327324
0.991555 0.12678 0.02732 -18.7697 0.126346 -0.991839 0.0170899 -14.8982 0.0292637 -0.0134938 -0.999481 0.0268845
0.987596 0.157014 -0.000983233 -18.7845 0.157017 -0.987576 0.00622607 -14.7504 6.55937e-06 -0.00630323 -0.99998 0.0247882
0.973511 0.228141 -0.0150854 -18.7914 0.228061 -0.973623 -0.00686369 -14.6963 -0.0162534 0.00324149 -0.999863 0.0263904
0.955508 0.2949 -0.00622277 -18.8067 0.294882 -0.955527 -0.00354744 -14.6349 -0.00699216 0.00155462 -0.999974 0.0274545
0.945654 0.324818 0.0152334 -18.9585 0.324778 -0.945776 0.00512988 -14.1345 0.0160737 9.63702e-05 -0.999871 0.0141273
0.944917 0.32674 0.0192929 -19.1085 0.326618 -0.945111 0.00924693 -13.6339 0.0212553 -0.00243617 -0.999771 0.0102684
0.959635 0.28038 0.0220945 -19.2139 0.280014 -0.959822 0.0182913 -13.2538 0.0263353 -0.0113662 -0.999589 0.0104757
0.978645 0.20474 0.0182937 -19.2367 0.204481 -0.978755 0.0150476 -13.1574 0.0209859 -0.0109856 -0.999719 0.0156475
0.99141 0.130024 0.014128 -19.2497 0.129834 -0.991443 0.0135743 -13.0806 0.0157721 -0.0116234 -0.999808 0.0162564
0.997746 0.0662079 0.0108921 -19.2535 0.0661266 -0.997782 0.00766397 -13.0078 0.0113753 -0.00692645 -0.999911 0.0178737
0.99939 -0.0348886 -0.00174349 -19.2504 -0.0348738 -0.999361 0.00787855 -12.9323 -0.00201725 -0.00781294 -0.999967 0.0235465
0.994365 -0.106008 -0.000703566 -19.2453 -0.105995 -0.994309 0.0107093 -12.8718 -0.00183484 -0.0105744 -0.999942 0.0146295
0.986755 -0.161809 0.0115108 -19.2322 -0.161909 -0.98677 0.00834131 -12.7982 0.0100088 -0.0100945 -0.999899 0.0179918
0.96661 -0.255717 0.0165364 -19.218 -0.255868 -0.966681 0.00774321 -12.7362 0.0140054 -0.0117158 -0.999833 0.0250432
0.940009 -0.341067 0.00752743 -19.2011 -0.341113 -0.940003 0.00598849 -12.688 0.00503333 -0.00819694 -0.999954 0.0179327
0.886979 -0.461802 0.00274365 -19.1667 -0.461791 -0.886873 0.0143316 -12.6152 -0.0041851 -0.0139788 -0.999894 0.0217548
0.859389 -0.511045 0.0168304 -19.1464 -0.51124 -0.859376 0.0103308 -12.5753 0.00918411 -0.0174826 -0.999805 0.0261553
0.825089 -0.564946 0.00802992 -19.1176 -0.564997 -0.825061 0.00721765 -12.5359 0.0025476 -0.0104921 -0.999942 0.0244023
0.764089 -0.645018 0.0109678 -19.0858 -0.645099 -0.764067 0.00694783 -12.494 0.00389869 -0.0123841 -0.999916 0.0320125
0.700265 -0.713823 0.00923123 -19.0448 -0.713883 -0.700202 0.00936224 -12.4544 -0.000219261 -0.0131461 -0.999914 0.0292186
0.655728 -0.754843 0.0152253 -19.006 -0.754985 -0.655697 0.00763694 -12.4239 0.00421851 -0.0165027 -0.999855 0.0329807
0.595048 -0.803508 0.0170969 -18.9563 -0.803665 -0.595063 0.00474214 -12.3908 0.00636339 -0.016562 -0.999843 0.0314081
0.55673 -0.830587 0.0132975 -18.5177 -0.830692 -0.556685 0.00719752 -12.1091 0.00142437 -0.0150532 -0.999886 0.0312725
0.542296 -0.840121 0.0106063 -18.073 -0.840187 -0.542263 0.00601875 -11.8331 0.000694935 -0.0121752 -0.999926 0.0323975
0.535999 -0.844151 0.010692 -17.6435 -0.844218 -0.535943 0.007794 -11.5744 -0.000848991 -0.013204 -0.999912 0.0367723
0.533245 -0.845833 0.0146924 -17.1944 -0.845952 -0.533239 0.0046813 -11.3092 0.00387497 -0.0149254 -0.999881 0.0373054
0.524743 -0.851037 0.019519 -16.7446 -0.851229 -0.524784 0.00335487 -11.0511 0.00738816 -0.0183756 -0.999804 0.040567
0.520696 -0.853515 0.0196967 -16.3066 -0.85366 -0.520827 -0.00184399 -10.8078 0.0118324 -0.0158541 -0.999804 0.042522
0.516803 -0.85597 0.0151504 -15.8524 -0.856054 -0.516884 -0.00170869 -10.559 0.0092936 -0.0120865 -0.999884 0.0449425
0.51019 -0.859846 0.0192498 -15.4049 -0.860009 -0.510279 0.000337833 -10.313 0.00953228 -0.0167274 -0.999815 0.0473578
0.50501 -0.862894 0.0194491 -14.9482 -0.863026 -0.505151 -0.00286137 -10.0709 0.0122938 -0.0153401 -0.999807 0.0487156
0.499472 -0.866056 0.0217882 -14.4936 -0.866256 -0.4996 -0.000503692 -9.82577 0.0113216 -0.0186226 -0.999762 0.0495245
0.491866 -0.870322 0.0246617 -14.0426 -0.870541 -0.492084 -0.0033143 -9.58159 0.0150201 -0.0198388 -0.99969 0.0533008
0.49056 -0.871021 0.0259421 -13.5966 -0.871203 -0.490872 -0.0070294 -9.35193 0.018857 -0.0191525 -0.999639 0.0558737
0.487623 -0.872745 0.0232153 -13.147 -0.872843 -0.487918 -0.00902038 -9.11587 0.0191996 -0.0158647 -0.99969 0.057622
0.480863 -0.876558 0.0204254 -12.6861 -0.876683 -0.481044 -0.00484949 -8.88146 0.0140764 -0.0155747 -0.99978 0.0602735
0.477314 -0.878592 0.0157312 -12.2375 -0.878634 -0.477452 -0.00645133 -8.65299 0.013179 -0.0107426 -0.999855 0.0605253
0.472493 -0.881157 0.0176743 -11.7738 -0.881212 -0.472667 -0.00717342 -8.41824 0.014675 -0.0121854 -0.999818 0.0601368
0.464418 -0.885292 0.023968 -11.3026 -0.885424 -0.464711 -0.00825979 -8.18915 0.0184505 -0.0173859 -0.999679 0.0596268
0.460365 -0.887424 0.0233122 -10.8515 -0.887459 -0.460714 -0.0125949 -7.96861 0.0219173 -0.0148904 -0.999649 0.0605413
0.454978 -0.890269 0.0204281 -10.3919 -0.890333 -0.455219 -0.00910593 -7.74931 0.017406 -0.0140449 -0.99975 0.0611481
0.494962 -0.868506 0.0266451 -9.93601 -0.868461 -0.495462 -0.0171284 -7.52807 0.0280777 -0.0146623 -0.999498 0.0648265
0.507295 -0.861273 0.0293221 -9.47135 -0.861482 -0.507714 -0.0086839 -7.28087 0.0223665 -0.0208552 -0.999532 0.0634676
0.509678 -0.860012 0.0246662 -9.01611 -0.86018 -0.509954 -0.00612347 -7.03674 0.0178449 -0.0180964 -0.999677 0.0629085
0.512163 -0.8586 0.0222482 -8.52638 -0.858717 -0.512406 -0.00667377 -6.76906 0.0171302 -0.0156869 -0.99973 0.0673793
0.513548 -0.857772 0.0222784 -8.08258 -0.857652 -0.513932 -0.0175455 -6.51468 0.0264996 -0.0100966 -0.999598 0.0717781
0.51494 -0.856933 0.0224302 -7.62526 -0.856758 -0.515347 -0.0195877 -6.2625 0.0283447 -0.00913074 -0.999557 0.0726443
0.514991 -0.857048 0.0159167 -7.14091 -0.856913 -0.515209 -0.0161358 -5.9813 0.0220296 -0.00532938 -0.999743 0.0718687
0.516181 -0.856308 0.0171538 -6.68148 -0.85619 -0.516424 -0.0156426 -5.72781 0.0222536 -0.0066125 -0.99973 0.0724452
0.518703 -0.854757 0.018358 -6.23817 -0.854783 -0.51891 -0.00885656 -5.48251 0.0170964 -0.0110982 -0.999792 0.0717791
0.519831 -0.853958 0.0230735 -5.76554 -0.854066 -0.520107 -0.00776442 -5.22532 0.0186312 -0.0156701 -0.999704 0.0665621
0.519793 -0.853902 0.0258188 -5.3213 -0.854086 -0.520095 -0.00628281 -4.97408 0.0187931 -0.0187857 -0.999647 0.0610663
0.521776 -0.852813 0.0214486 -4.87138 -0.852862 -0.522048 -0.00963275 -4.71932 0.0194121 -0.0132665 -0.999724 0.0628136
0.51998 -0.853994 0.0177245 -4.42042 -0.854024 -0.520169 -0.00822722 -4.46708 0.0162457 -0.0108592 -0.999809 0.0623602
0.519659 -0.85421 0.0167438 -3.9676 -0.854246 -0.51982 -0.00713862 -4.2108 0.0148017 -0.0105937 -0.999834 0.0619281
0.521159 -0.85324 0.0193511 -3.50911 -0.853277 -0.521383 -0.00889383 -3.95194 0.0176779 -0.0118768 -0.999773 0.0611928
0.519513 -0.85408 0.0255861 -3.05446 -0.854185 -0.519874 -0.00991371 -3.69409 0.0217687 -0.016705 -0.999623 0.0593265
0.515776 -0.856427 0.0225593 -2.601 -0.856354 -0.516148 -0.0157791 -3.43906 0.0251576 -0.0111803 -0.999621 0.0609832
0.516317 -0.856101 0.0225181 -2.14207 -0.856062 -0.516673 -0.0144206 -3.18054 0.02398 -0.0118313 -0.999642 0.0595846
0.514368 -0.857242 0.023688 -1.66768 -0.857288 -0.514711 -0.0113879 -2.91827 0.0219547 -0.0144498 -0.999655 0.059842
0.513207 -0.858074 0.0180964 -1.22736 -0.858147 -0.513372 -0.00577937 -2.66459 0.0142493 -0.0125634 -0.99982 0.0601593
0.541194 -0.840882 0.00515598 -0.815872 -0.840845 -0.541081 0.014551 -2.43812 -0.0094459 -0.0122103 -0.999881 0.055648
0.600941 -0.799257 0.00767014 -0.728576 -0.799289 -0.600941 0.00258849 -2.38023 0.00254043 -0.00768619 -0.999967 0.0566822
0.631945 -0.774752 0.0200948 -0.405061 -0.774517 -0.632256 -0.0193969 -2.13 0.0277328 -0.00330597 -0.99961 0.0493468
0.618862 -0.78508 0.0256608 -0.083452 -0.784902 -0.619336 -0.018776 -1.89067 0.0306333 -0.00852147 -0.999494 0.0496875
