0.999996 5.18234e-05 -0.00281237 -0.00039093 -6.02756e-06 0.999867 0.0162813 -0.000194879 0.00281284 -0.0162812 0.999863 -6.92083e-05
0.999967 0.000471678 -0.00812929 0.00866806 -0.000406891 0.999968 0.00796929 0.488025 0.00813279 -0.00796572 0.999935 0.0045773
0.999998 0.0014714 0.00147745 0.00839658 -0.00148785 0.999936 0.0111924 0.991925 -0.00146089 -0.0111945 0.999936 -0.0151669
0.999884 0.00275152 -0.0149869 0.0136065 -0.00253051 0.999888 0.0147456 1.50115 0.0150258 -0.014706 0.999779 -0.0264846
0.999955 -0.0022682 -0.00919686 0.0103016 0.00236376 0.999943 0.0103933 2.00476 0.00917276 -0.0104145 0.999904 -0.0320554
0.999986 -0.00337504 -0.00408071 0.00880802 0.00340353 0.99997 0.00699542 2.53215 0.00405697 -0.00700921 0.999967 -0.0448753
1 -0.000316513 0.000721917 0.0143678 0.00031047 0.999965 0.0083557 3.03202 -0.000724537 -0.00835547 0.999965 -0.0545313
0.99999 0.00308107 -0.0030991 0.0212222 -0.00304656 0.999934 0.0110801 3.53976 0.00313303 -0.0110705 0.999934 -0.0637546
0.99997 0.00526821 -0.00561137 0.0265763 -0.0051979 0.999909 0.0124717 4.05164 0.00567656 -0.0124422 0.999906 -0.0722713
0.999932 0.00887063 -0.00761233 0.0351301 -0.00875826 0.999854 0.0146705 4.55398 0.00774135 -0.0146029 0.999863 -0.0824117
0.99991 0.0117078 -0.00650049 0.0434504 -0.011701 0.999931 0.00108172 5.06518 0.00651271 -0.00100556 0.999978 -0.0895724
0.999874 0.0152886 -0.00426358 0.0577071 -0.0152568 0.999856 0.00738346 5.57283 0.00437585 -0.00731748 0.999964 -0.101652
0.999855 0.0167787 0.00283626 0.0652853 -0.0168114 0.999788 0.0119019 6.07808 -0.00263596 -0.0119478 0.999925 -0.10998
0.99983 0.0183509 -0.00201707 0.0729324 -0.018322 0.999741 0.0135175 6.59192 0.0022646 -0.0134782 0.999907 -0.118822
0.999767 0.0180561 -0.0117964 0.0799223 -0.0179483 0.999797 0.00917913 7.09704 0.0119597 -0.00896527 0.999888 -0.127794
0.999756 0.0198814 -0.00959126 0.0974482 -0.0198631 0.999801 0.00199808 7.62589 0.00962908 -0.00180708 0.999952 -0.138669
0.999856 0.0156389 0.00655455 0.110106 -0.0157121 0.999813 0.0112684 8.15882 -0.0063771 -0.0113698 0.999915 -0.149344
0.999837 0.0159474 0.00847271 0.119505 -0.0160755 0.999754 0.0152702 8.66574 -0.00822711 -0.0154039 0.999848 -0.155989
0.99993 0.0107487 -0.0049554 0.125579 -0.0106888 0.999871 0.0119711 9.16876 0.00508343 -0.0119173 0.999916 -0.163903
0.999779 0.0171475 -0.0121438 0.135185 -0.0170551 0.999825 0.00767166 9.67408 0.0122732 -0.00746285 0.999897 -0.172762
0.999916 0.0128006 0.00194448 0.147887 -0.0128183 0.999874 0.00936636 10.2018 -0.00182434 -0.0093905 0.999954 -0.185906
0.99986 0.0154379 0.00650544 0.159371 -0.0155003 0.999833 0.00965184 10.7106 -0.00635535 -0.00975132 0.999932 -0.19696
0.999856 0.0138623 0.00982572 0.168959 -0.0139481 0.999865 0.00872303 11.212 -0.00970347 -0.00885882 0.999914 -0.205751
0.999874 0.0158304 -0.00141778 0.181127 -0.0158081 0.999769 0.0145696 11.7272 0.0016481 -0.0145453 0.999893 -0.21572
0.999765 0.0163964 -0.0141854 0.189755 -0.0162354 0.999803 0.0113954 12.2349 0.0143695 -0.0111624 0.999834 -0.224905
0.999765 0.0163299 -0.0142854 0.197653 -0.0162964 0.999864 0.00245396 12.7539 0.0143235 -0.00222058 0.999895 -0.232448
0.999745 0.0217919 0.00592663 0.216956 -0.0218012 0.999761 0.00149983 13.2681 -0.00589253 -0.00162866 0.999981 -0.23791
0.999772 0.0182982 0.0110245 0.228284 -0.0183533 0.999819 0.00492408 13.7751 -0.0109324 -0.00512529 0.999927 -0.251298
0.999305 0.0314295 -0.0200492 0.233342 -0.0311194 0.999394 0.0155949 14.1554 0.0205272 -0.0149602 0.999677 -0.257269
0.999442 0.0300682 -0.0145599 0.251792 -0.0298992 0.999485 0.0116899 14.7104 0.0149039 -0.0112481 0.999826 -0.265443
0.999497 0.0316685 -0.001837 0.276084 -0.0316685 0.999498 2.84519e-05 15.2103 0.00183698 2.97373e-05 0.999998 -0.269719
0.999465 0.0326666 -0.00143252 0.293856 -0.0326651 0.999466 0.00110641 15.7192 0.0014679 -0.00105903 0.999998 -0.27713
0.999333 0.0364374 0.00242306 0.318561 -0.0364529 0.999313 0.00670941 16.2548 -0.00217692 -0.00679326 0.999975 -0.288795
0.999277 0.037787 0.00407687 0.338303 -0.0378364 0.999202 0.0128125 16.7747 -0.00358947 -0.0129575 0.99991 -0.297539
0.999265 0.0383213 0.00089768 0.361264 -0.0383306 0.999142 0.015668 17.2859 -0.000296491 -0.0156909 0.999877 -0.30656
0.999209 0.0397276 -0.00182396 0.38355 -0.0397046 0.999148 0.0112917 17.7999 0.00227099 -0.0112104 0.999935 -0.312015
0.99913 0.0409583 -0.00779842 0.405334 -0.0409048 0.999139 0.00689902 18.3253 0.00807428 -0.00657403 0.999946 -0.315704
0.999012 0.042371 -0.0134102 0.428548 -0.0423442 0.999101 0.00227062 18.836 0.0134944 -0.00170053 0.999908 -0.3202
0.998953 0.0441142 -0.0120917 0.453531 -0.0440871 0.999025 0.00250278 19.3528 0.0121903 -0.00196708 0.999924 -0.327068
0.998843 0.0464593 -0.0124532 0.47722 -0.0464351 0.998919 0.00222236 19.8523 0.012543 -0.00164152 0.99992 -0.333968
0.998791 0.0491423 -0.00142661 0.509267 -0.0491354 0.998782 0.00450417 20.3629 0.00164621 -0.00442863 0.999989 -0.339753
0.998756 0.0498413 0.00158462 0.541827 -0.0498491 0.998742 0.00534569 20.8858 -0.00131619 -0.00541803 0.999984 -0.345452
0.998729 0.050261 0.00384148 0.568931 -0.0502876 0.998709 0.0071863 21.4018 -0.00347533 -0.00737034 0.999967 -0.350682
0.99863 0.0522469 0.00279494 0.596334 -0.0522633 0.998614 0.00616071 21.903 -0.00246919 -0.00629835 0.999977 -0.356857
0.998623 0.052294 -0.0041239 0.622631 -0.0522731 0.99862 0.00501937 22.4412 0.0043807 -0.00479689 0.999979 -0.364734
0.998369 0.0560279 -0.0109968 0.651195 -0.0559569 0.998411 0.00666275 22.9494 0.0113526 -0.00603653 0.999917 -0.372603
0.998248 0.0574881 -0.0139791 0.685278 -0.0573833 0.998322 0.00778601 23.4539 0.0144033 -0.0069702 0.999872 -0.380924
0.99824 0.0572239 -0.0155809 0.71597 -0.0571457 0.998351 0.00541926 23.9756 0.0158653 -0.00451935 0.999864 -0.388201
0.998324 0.0572456 -0.00852583 0.748659 -0.0571598 0.998315 0.00999274 24.4745 0.0090835 -0.00948866 0.999914 -0.393961
0.998119 0.0611071 -0.00491094 0.782484 -0.0610484 0.998071 0.0113207 24.9897 0.00559324 -0.0109996 0.999924 -0.401598
0.998252 0.059093 -0.00019845 0.814219 -0.0590905 0.998232 0.00635764 25.4978 0.00057379 -0.0063348 0.99998 -0.406162
0.997984 0.0634111 -0.00259134 0.847447 -0.0634088 0.997987 0.000974048 26.0061 0.00264788 -0.000807771 0.999996 -0.412941
0.997853 0.0651034 -0.00707094 0.882165 -0.0650771 0.997873 0.00389 26.5061 0.00730915 -0.0034215 0.999967 -0.419979
0.997865 0.0641224 -0.0124064 0.915122 -0.0640331 0.99792 0.00746501 27.0112 0.0128592 -0.00665465 0.999895 -0.428692
0.99761 0.0663324 -0.0193631 0.951151 -0.066098 0.997735 0.0125023 27.5305 0.0201485 -0.0111925 0.999734 -0.437545
0.997679 0.0667076 -0.0136298 0.992891 -0.0665172 0.997687 0.0139743 28.0508 0.0145304 -0.0130353 0.999809 -0.442271
0.997507 0.0696359 -0.0113871 1.02938 -0.0695257 0.997532 0.0098022 28.5656 0.0120416 -0.00898607 0.999887 -0.447614
0.997624 0.0687673 0.00413259 1.07249 -0.0687729 0.997632 0.00122392 29.0784 -0.00403863 -0.00150522 0.999991 -0.453331
0.998534 0.054025 0.00328095 1.10137 -0.0540374 0.998532 0.00381132 29.5774 -0.00307023 -0.00398303 0.999987 -0.461038
0.999981 0.00618258 0.000239827 1.0858 -0.00618486 0.999919 0.0111171 29.8275 -0.000171076 -0.0111184 0.999938 -0.469333
0.999624 -0.0223608 -0.0158495 1.06343 0.0225372 0.999685 0.0110367 30.3427 0.0155977 -0.0113898 0.999813 -0.478186
0.999373 -0.0249673 -0.0251087 1.04617 0.0251407 0.999662 0.00661706 30.8444 0.024935 -0.00724416 0.999663 -0.485358
0.999299 -0.028845 -0.0238717 1.03514 0.0291321 0.999506 0.0117695 31.36 0.0235204 -0.0124567 0.999646 -0.494295
0.998985 -0.0377477 -0.0245832 1.01309 0.038107 0.999171 0.0143167 31.8886 0.0240224 -0.015239 0.999595 -0.504437
0.998982 -0.0409908 -0.0188565 0.999086 0.0412441 0.999061 0.0132456 32.4004 0.0182959 -0.0140099 0.999734 -0.513673
0.998902 -0.0442883 -0.015283 0.975695 0.0444667 0.998944 0.0115353 32.9243 0.014756 -0.0122022 0.999817 -0.523106
0.99861 -0.050226 -0.0160091 0.948894 0.0503752 0.998689 0.00905617 33.4659 0.0155333 -0.00985004 0.999831 -0.533353
0.998576 -0.0500308 -0.0185377 0.923872 0.0501892 0.998706 0.00818469 33.9696 0.0181042 -0.00910342 0.999795 -0.539685
0.998404 -0.0536296 -0.0177114 0.902181 0.0538014 0.998508 0.00936644 34.4725 0.0171826 -0.0103044 0.999799 -0.549179
0.998087 -0.0589548 -0.018609 0.870984 0.059077 0.998235 0.00608522 34.9827 0.0182174 -0.00717294 0.999808 -0.558325
0.999259 -0.0333939 -0.0191365 0.86515 0.0335378 0.999411 0.00724835 35.4948 0.0188832 -0.00788478 0.999791 -0.567852
0.999476 -0.0315303 -0.0072995 0.859762 0.0315962 0.999459 0.00908688 36.0137 0.00700905 -0.00931276 0.999932 -0.583834
0.999402 -0.0345047 -0.00201774 0.840393 0.0345281 0.999319 0.0129888 36.514 0.00156819 -0.0130507 0.999914 -0.597597
0.999356 -0.0358564 -0.00118079 0.825818 0.0358691 0.999264 0.0136054 37.0435 0.000692078 -0.013639 0.999907 -0.607823
0.999388 -0.0348567 -0.00290804 0.805302 0.0348922 0.999304 0.0131972 37.5486 0.00244601 -0.0132906 0.999909 -0.616816
0.999272 -0.037395 -0.0075846 0.790383 0.0374554 0.999266 0.00798829 38.069 0.00728032 -0.00826656 0.999939 -0.625346
0.999235 -0.037098 -0.0123729 0.77446 0.0371996 0.999275 0.00808051 38.5772 0.0120641 -0.00853459 0.999891 -0.632417
0.999202 -0.0377199 -0.013138 0.758005 0.037809 0.999263 0.0066023 39.1066 0.0128793 -0.00709377 0.999892 -0.643251
0.999695 -0.000569163 -0.0247069 0.767204 0.00100802 0.999842 0.0177538 39.2695 0.0246929 -0.0177733 0.999537 -0.643552
0.99826 0.0580615 -0.0103162 0.788616 -0.0579557 0.998266 0.0102736 39.2483 0.0108948 -0.0096578 0.999894 -0.643153
0.993715 0.111173 -0.0130954 0.812319 -0.11098 0.993715 0.0146533 39.2222 0.0146422 -0.0131078 0.999807 -0.647259
0.987 0.160399 -0.0101705 0.831055 -0.160253 0.986979 0.0138613 39.1989 0.0122614 -0.0120513 0.999852 -0.648421
0.968226 0.249989 0.00659345 0.857669 -0.250046 0.968181 0.0101027 39.1791 -0.00385808 -0.0114304 0.999927 -0.65559
0.952506 0.304511 -0.00215022 0.868281 -0.304479 0.952471 0.00957059 39.159 0.00496237 -0.00846136 0.999952 -0.656121
0.936539 0.350205 -0.0158237 0.881927 -0.349891 0.936585 0.0196355 39.1434 0.0216967 -0.0128529 0.999682 -0.658742
0.910047 0.414437 -0.00746108 0.904937 -0.414223 0.909945 0.0204649 39.1189 0.0152706 -0.0155335 0.999763 -0.659869
0.8728 0.488075 0.00170496 0.925838 -0.488049 0.872704 0.0140149 39.1063 0.0053524 -0.0130643 0.9999 -0.653566
0.837866 0.545873 -0.00158313 0.946656 -0.545791 0.837784 0.015156 39.0872 0.00959955 -0.0118346 0.999884 -0.691233
0.810956 0.584909 -0.0152423 0.947083 -0.584392 0.810977 0.0283309 39.0654 0.0289322 -0.0140676 0.999482 -0.661587
0.772356 0.635151 -0.00695912 0.962115 -0.634731 0.772168 0.0295423 39.04 0.0241374 -0.0184 0.999539 -0.669123
0.729961 0.683475 -0.00440291 0.972869 -0.683143 0.729781 0.0271008 39.0236 0.0217359 -0.0167747 0.999623 -0.663103
0.67732 0.735687 -0.00161808 0.992349 -0.73553 0.677218 0.019245 39.0031 0.0152541 -0.0118449 0.999813 -0.660508
0.634041 0.773261 -0.00765132 0.98039 -0.772989 0.634036 0.0220539 38.9961 0.0219046 -0.00806871 0.999728 -0.663191
0.581043 0.81376 -0.0135607 0.980833 -0.813189 0.581158 0.0312857 38.9669 0.03334 -0.00715093 0.999418 -0.659658
0.504237 0.863523 -0.0085223 0.991655 -0.86319 0.504285 0.0244984 38.9407 0.0254526 -0.00499664 0.999664 -0.655991
0.430825 0.902402 -0.00777878 1.0026 -0.902203 0.430894 0.0189965 38.9208 0.0204943 -0.00116614 0.999789 -0.655443
0.371652 0.928318 -0.010032 1.00842 -0.92814 0.371779 0.0183471 38.9024 0.0207616 0.00249235 0.999781 -0.652012
0.325467 0.945474 -0.0122815 1.00304 -0.944836 0.325698 0.034715 38.8859 0.0368222 0.000305466 0.999322 -0.653549
0.256792 0.966428 -0.00861189 0.999761 -0.965731 0.256934 0.0367318 38.8606 0.0377113 -0.00111565 0.999288 -0.648707
0.168291 0.985722 -0.00549121 1.00117 -0.985474 0.168372 0.0221646 38.8352 0.0227727 0.00168134 0.999739 -0.645555
0.0949197 0.99547 -0.00551788 0.995586 -0.995366 0.0949926 0.0149444 38.8155 0.0154008 0.00407379 0.999873 -0.647442
0.0281439 0.999581 -0.00681921 0.9857 -0.999193 0.0283273 0.0284799 38.8025 0.0286612 0.00601217 0.999571 -0.64381
0.0184736 0.999801 -0.00756114 1.454 -0.999484 0.0186654 0.0261412 38.8022 0.0262771 0.00707432 0.99963 -0.643256
0.00907061 0.99995 0.0041641 1.97606 -0.999619 0.00895888 0.0261087 38.8028 0.0260701 -0.00439933 0.99965 -0.645771
0.0134122 0.999905 0.00317554 2.4823 -0.999394 0.0133032 0.0321572 38.8091 0.0321119 -0.00360491 0.999478 -0.643434
0.00554977 0.999971 -0.00521576 3.00529 -0.999439 0.00571887 0.0329848 38.8103 0.0330136 0.00502978 0.999442 -0.640677
-0.00551913 0.999917 -0.0116749 3.52179 -0.99932 -0.00508946 0.0365179 38.807 0.0364555 0.0118685 0.999265 -0.638215
-0.0517205 0.998623 -0.0087408 3.81916 -0.997966 -0.0513558 0.0377798 38.7823 0.0372789 0.010677 0.999248 -0.635508
-0.0654359 0.997852 -0.00296769 4.34122 -0.997195 -0.0652839 0.0366215 38.7508 0.0363491 0.00535572 0.999325 -0.636118
-0.0424573 0.999098 0.000388777 4.81879 -0.998992 -0.0424584 0.0145771 38.7219 0.0145805 0.00023052 0.999894 -0.638115
-0.0371793 0.999305 -0.00252328 5.33057 -0.998897 -0.0370914 0.0288066 38.7042 0.028693 0.00359151 0.999582 -0.634922
-0.0328496 0.999428 -0.00799143 5.84832 -0.998451 -0.032456 0.0452017 38.6932 0.0449165 0.00946391 0.998946 -0.632798
-0.0371546 0.999271 -0.00880972 6.34948 -0.99814 -0.0366834 0.0486821 38.6729 0.0483234 0.0106021 0.998775 -0.632981
-0.0410965 0.999109 -0.00963005 6.86829 -0.998098 -0.0406078 0.046388 38.6477 0.0459556 0.0115181 0.998877 -0.629081
-0.0433494 0.999028 -0.00795964 7.37527 -0.998073 -0.0429511 0.0447839 38.623 0.0443985 0.00988566 0.998965 -0.62708
-0.04213 0.999108 -0.00270315 7.90438 -0.998479 -0.0420068 0.0357113 38.5982 0.035566 0.00420356 0.999358 -0.628207
-0.0360007 0.999344 -0.00382708 8.40701 -0.998877 -0.0358654 0.030946 38.578 0.0307884 0.00493686 0.999514 -0.628581
-0.0426054 0.999004 -0.0132397 8.91144 -0.997689 -0.0418399 0.0535325 38.561 0.0529253 0.0154899 0.998478 -0.627876
-0.0363932 0.999294 -0.00928994 9.4242 -0.997567 -0.0357741 0.0598295 38.5373 0.0594549 0.0114447 0.998165 -0.627991
0.01624 0.999868 0.000199398 9.55807 -0.998376 0.0162049 0.0546178 38.5558 0.0546074 -0.00108607 0.998507 -0.630289
0.0206137 0.999761 -0.00724844 10.0828 -0.998392 0.0209672 0.0526626 38.5636 0.052802 0.00615122 0.998586 -0.626663
0.0224476 0.999635 -0.0150143 10.5994 -0.998759 0.0230908 0.0441313 38.5702 0.0444619 0.0140051 0.998913 -0.623993
0.0255279 0.999608 -0.0114889 11.1035 -0.998853 0.0259711 0.0402363 38.5794 0.0405189 0.0104486 0.999124 -0.625104
0.0328335 0.999413 -0.0097918 11.6036 -0.998578 0.0332145 0.0416941 38.5947 0.0419949 0.00840892 0.999082 -0.623792
0.03141 0.999386 -0.0155098 12.1124 -0.998479 0.0320774 0.0448435 38.6092 0.0453135 0.0140777 0.998874 -0.620976
0.030965 0.999476 -0.00941587 12.6312 -0.997965 0.0314407 0.055467 38.6277 0.055734 0.00767918 0.998416 -0.619315
0.0327986 0.99942 -0.00914754 13.1581 -0.997928 0.0332537 0.0550777 38.6438 0.05535 0.00732211 0.99844 -0.618062
0.0319099 0.999457 -0.008195 13.6797 -0.998019 0.0323066 0.0539793 38.6595 0.0542148 0.00645629 0.998508 -0.617544
0.038754 0.99918 -0.0117094 14.2081 -0.99804 0.0392807 0.0487218 38.6778 0.0491419 0.00979832 0.998744 -0.614348
0.0370658 0.999239 -0.0121093 14.7313 -0.998005 0.0376344 0.0507004 38.6984 0.0511176 0.0102059 0.99864 -0.614302
0.0339391 0.999371 -0.0102356 15.2616 -0.998418 0.0343626 0.0445127 38.7101 0.0448364 0.00870867 0.998956 -0.616529
0.038504 0.999191 -0.0116492 15.7717 -0.998282 0.0389791 0.0437516 38.7296 0.0441703 0.00994457 0.998975 -0.615957
0.0394725 0.999158 -0.0111557 15.4999 -0.997892 0.0399932 0.0511147 38.7228 0.0515179 0.00911455 0.99863 -0.617518
0.0421684 0.998986 -0.0157739 14.9789 -0.997773 0.0429234 0.0510616 38.7049 0.0516869 0.0135856 0.998571 -0.619519
0.0231075 0.999607 -0.0158975 14.4556 -0.997499 0.0241154 0.0664345 38.6846 0.0667917 0.0143226 0.997664 -0.617967
-0.030534 0.99946 -0.0120998 14.3256 -0.997669 -0.0297356 0.0614223 38.6598 0.0610293 0.0139471 0.998039 -0.613627
-0.0804968 0.996724 -0.00787279 14.1339 -0.994842 -0.0798507 0.062558 38.65 0.0617244 0.0128679 0.99801 -0.61447
-0.137582 0.990475 -0.00542821 13.9448 -0.989351 -0.137159 0.0487038 38.6491 0.0474954 0.0120712 0.998799 -0.613554
-0.198704 0.980036 -0.00679779 13.811 -0.979009 -0.198165 0.0476621 38.651 0.0453635 0.0161258 0.99884 -0.610983
-0.255691 0.96671 -0.00967509 13.7659 -0.96593 -0.255044 0.0439464 38.6468 0.0400159 0.0205822 0.998987 -0.612415
-0.30807 0.951199 -0.0176835 13.6818 -0.950682 -0.307092 0.0435723 38.6624 0.0360155 0.0302347 0.998894 -0.610336
-0.361077 0.932528 -0.00381168 13.5274 -0.930859 -0.360179 0.0614236 38.6969 0.0559063 0.0257268 0.998105 -0.612851
-0.418003 0.908431 -0.00510996 13.4215 -0.907239 -0.417152 0.0538595 38.7168 0.046796 0.0271494 0.998535 -0.612334
-0.490981 0.871068 -0.013377 13.3353 -0.870708 -0.490162 0.0400998 38.7248 0.0283727 0.0313357 0.999106 -0.607638
-0.549924 0.83506 -0.0160984 13.269 -0.834641 -0.548729 0.0476489 38.7497 0.030956 0.0396396 0.998734 -0.614636
-0.580022 0.814571 0.00704626 12.9756 -0.812674 -0.579222 0.0637438 38.9419 0.0560052 0.0312465 0.997941 -0.628093
-0.633797 0.773412 0.0116115 12.9029 -0.771407 -0.633115 0.0640086 38.9727 0.0568564 0.0316113 0.997882 -0.621623
-0.683686 0.729766 0.00391303 12.8344 -0.728498 -0.682796 0.0554892 39.0072 0.043166 0.0350866 0.998452 -0.621655
-0.72314 0.690614 -0.0110292 12.789 -0.690268 -0.722028 0.0469706 39.0332 0.0244752 0.0415794 0.998835 -0.62405
-0.763727 0.6455 -0.00709675 12.6939 -0.644986 -0.762572 0.049773 39.1268 0.0267167 0.0425903 0.998735 -0.629507
-0.810154 0.586217 0.000115376 12.6041 -0.585375 -0.809001 0.0534266 39.1997 0.0314129 0.0432162 0.998572 -0.631948
-0.854363 0.519656 -0.00460736 12.5317 -0.519189 -0.853144 0.0508735 39.2711 0.022506 0.0458565 0.998694 -0.634668
-0.892135 0.451425 -0.0176454 12.4877 -0.451743 -0.890979 0.0456629 39.3027 0.00489174 0.0487087 0.998801 -0.634801
-0.91776 0.396566 -0.0212673 12.4521 -0.397129 -0.916105 0.0551348 39.3654 0.0023815 0.0590463 0.998252 -0.63624
-0.937817 0.34713 -0.000557829 12.3956 -0.346598 -0.936288 0.0568726 39.4947 0.0192199 0.0535295 0.998381 -0.64333
-0.958561 0.284867 -0.00344448 12.3272 -0.284583 -0.956907 0.0578022 39.601 0.0131699 0.0563871 0.998322 -0.642193
-0.98205 0.188302 -0.0109612 12.2632 -0.188621 -0.980417 0.0566147 39.7078 -8.58921e-05 0.057666 0.998336 -0.642363
-0.992284 0.123762 -0.00740046 12.2331 -0.123983 -0.990536 0.0588808 39.754 -4.32367e-05 0.059344 0.998238 -0.654373
-0.993059 0.117519 0.00487417 12.1671 -0.117149 -0.991939 0.0482928 40.2537 0.0105102 0.0473865 0.998821 -0.683649
-0.992774 0.118792 0.0170033 12.1145 -0.118061 -0.992243 0.0389245 40.7518 0.0214953 0.0366358 0.999097 -0.703821
-0.992809 0.118106 0.0195172 12.0576 -0.117362 -0.99245 0.0356375 41.267 0.0235788 0.0330906 0.999174 -0.722581
-0.993251 0.114741 0.0169249 12.0023 -0.114147 -0.992927 0.0326531 41.7814 0.0205518 0.0305008 0.999323 -0.74272
-0.993373 0.113971 0.0148239 11.9437 -0.113477 -0.993064 0.0307682 42.3053 0.0182277 0.0288821 0.999417 -0.762651
-0.993533 0.112866 0.0124024 11.8823 -0.112399 -0.9931 0.0334623 42.8188 0.0160935 0.0318519 0.999363 -0.778687
-0.993717 0.111769 0.00584878 11.8206 -0.111458 -0.992999 0.0391098 43.3484 0.0101791 0.0382122 0.999218 -0.795435
-0.993871 0.110539 -0.000756908 11.7645 -0.11044 -0.992639 0.0496998 43.8483 0.00474245 0.0494788 0.998764 -0.811915
-0.994624 0.10303 0.0104043 11.7676 -0.102442 -0.993651 0.0465124 43.7524 0.0151304 0.0451965 0.998864 -0.805443
-0.994931 0.100064 0.00994743 11.8231 -0.0995192 -0.994008 0.04522 43.2398 0.0144127 0.0440008 0.998928 -0.787301
-0.995624 0.0931245 0.00777874 11.8709 -0.0927543 -0.994925 0.0390058 42.7246 0.0113717 0.0381136 0.999209 -0.770717
-0.999217 0.0384227 0.00943925 11.8778 -0.0380715 -0.998664 0.0349334 42.2879 0.0107689 0.0345467 0.999345 -0.754078
-0.999735 -0.0210438 0.00930931 11.8612 0.0213569 -0.999162 0.0349249 41.9101 0.00856655 0.0351145 0.999347 -0.737065
-0.997109 -0.0759393 0.00246434 11.8248 0.0759791 -0.996524 0.0341655 41.6417 -0.000138735 0.034254 0.999413 -0.727435
-0.991685 -0.128684 0.00089581 11.7455 0.12864 -0.991112 0.0338959 41.1247 -0.00347401 0.0337293 0.999425 -0.712238
-0.977028 -0.212974 -0.00768041 11.6565 0.212571 -0.976478 0.0361118 40.7506 -0.0151906 0.0336496 0.999318 -0.698212
-0.962665 -0.270693 0.00093622 11.5928 0.270545 -0.96201 0.0366325 40.592 -0.0090155 0.0355181 0.999328 -0.695207
-0.948754 -0.315741 0.0131736 11.542 0.316 -0.948302 0.0294623 40.4768 0.0031901 0.0321153 0.999479 -0.690279
-0.929781 -0.368077 0.00508329 11.4772 0.368069 -0.929373 0.028118 40.3744 -0.00562533 0.0280146 0.999592 -0.687375
-0.889915 -0.456106 -0.00422286 11.3186 0.45585 -0.88966 0.0265587 40.1085 -0.0158705 0.02171 0.999638 -0.682395
-0.860461 -0.509509 -0.00274495 11.1671 0.509163 -0.860052 0.0326105 39.9116 -0.0189761 0.0266624 0.999464 -0.675592
-0.831184 -0.555996 0.00130532 11.0619 0.555741 -0.830727 0.032324 39.7683 -0.0168877 0.0275926 0.999477 -0.672023
-0.793154 -0.609013 0.00318145 10.969 0.608794 -0.792705 0.031433 39.6798 -0.0166211 0.026868 0.999501 -0.668625
-0.754214 -0.656628 0.000978612 10.9105 0.656156 -0.753614 0.0390422 39.6359 -0.0248987 0.0300883 0.999237 -0.669935
-0.719731 -0.694165 0.0110452 10.7681 0.694232 -0.719493 0.0192809 39.5137 -0.0054372 0.021545 0.999753 -0.671126
-0.674999 -0.737812 0.00323165 10.6597 0.737662 -0.674758 0.0235892 39.4487 -0.0152238 0.0183065 0.999717 -0.670524
-0.630385 -0.776249 0.00724104 10.5557 0.776243 -0.630231 0.0159829 39.3861 -0.00784315 0.0156962 0.999846 -0.667943
-0.560576 -0.828098 -0.00275734 10.4343 0.827776 -0.560445 0.026247 39.3399 -0.0232804 0.012431 0.999652 -0.662762
-0.510224 -0.860033 0.00387058 10.292 0.859813 -0.50998 0.0253287 39.2801 -0.0198096 0.0162513 0.999672 -0.665713
-0.465279 -0.885148 0.00525846 10.1506 0.885115 -0.465182 0.0133092 39.2193 -0.00933449 0.0108468 0.999898 -0.665415
-0.402718 -0.915323 0.00124645 9.98194 0.915243 -0.402664 0.0138353 39.1745 -0.0121619 0.00671253 0.999904 -0.662665
-0.342097 -0.939661 -0.00238797 9.89078 0.939395 -0.342059 0.0230684 39.1644 -0.0224933 0.00564838 0.999731 -0.657666
-0.279039 -0.960279 0.000914971 9.78642 0.959976 -0.278926 0.02542 39.1606 -0.0241551 0.00797152 0.999676 -0.658209
-0.229058 -0.973396 0.00576578 9.3531 0.973376 -0.228994 0.0100267 39.0577 -0.00843961 0.00790897 0.999933 -0.654879
-0.165456 -0.986217 0.000394593 9.21526 0.986038 -0.165418 0.0191489 39.0591 -0.0188197 0.00355738 0.999817 -0.650468
-0.101887 -0.994791 -0.00324736 9.03986 0.994589 -0.101932 0.0200632 39.0594 -0.0202897 -0.00118561 0.999793 -0.653346
-0.0755441 -0.997103 0.00885717 8.63839 0.996674 -0.0752335 0.0313113 39.0402 -0.0305542 0.0111931 0.99947 -0.647583
-0.052807 -0.998416 0.019408 8.13852 0.998152 -0.0521878 0.0311369 39.0198 -0.0300747 0.0210163 0.999327 -0.640499
-0.00739018 -0.999852 0.0155174 7.90311 0.999806 -0.0071048 0.0183663 39.0275 -0.0182533 0.0156501 0.999711 -0.638946
0.00441009 -0.99989 0.014173 7.39699 0.999705 0.00474662 0.0237994 39.0348 -0.0238641 0.0140639 0.999616 -0.639742
-0.0149796 -0.999786 0.0142889 7.22619 0.999548 -0.0146005 0.0262746 39.024 -0.0260603 0.014676 0.999553 -0.638817
-0.0133622 -0.999624 0.0239298 6.71556 0.999791 -0.0129862 0.0157986 39.0169 -0.0154819 0.0241359 0.999589 -0.636941
-0.0139777 -0.999833 0.0117691 6.20344 0.999578 -0.0136725 0.0256278 39.0155 -0.0254626 0.0121223 0.999602 -0.642184
-0.0122066 -0.999879 0.00960425 5.68441 0.999675 -0.0119878 0.0225173 39.0106 -0.0223995 0.00987599 0.9997 -0.642424
-0.0107903 -0.999898 0.00940332 5.16847 0.999834 -0.0106504 0.0147987 39.0063 -0.0146971 0.00956144 0.999846 -0.6421
-0.00212485 -0.999962 0.00842104 4.66527 0.99997 -0.00206205 0.00745929 39.0079 -0.00744165 0.00843664 0.999937 -0.640429
0.00350542 -0.999939 0.0104386 4.13782 0.999903 0.0036458 0.0134592 39.0149 -0.0134965 0.0103904 0.999855 -0.638872
0.0101611 -0.99979 0.0177804 3.61912 0.999832 0.0104301 0.0151015 39.021 -0.0152838 0.0176239 0.999728 -0.63488
0.0147935 -0.999762 0.0160589 3.10537 0.999734 0.0150736 0.0174625 39.0318 -0.0177004 0.0157963 0.999719 -0.632924
0.0233839 -0.999648 0.0125305 2.5824 0.999577 0.0235952 0.0169873 39.0481 -0.017277 0.012128 0.999777 -0.635398
0.0202307 -0.99968 0.0152024 2.08192 0.999589 0.0205332 0.0200132 39.062 -0.0203189 0.0147913 0.999684 -0.627339
0.0296613 -0.999472 0.0132379 1.48733 0.999372 0.0299102 0.0190201 39.0756 -0.019406 0.0126654 0.999731 -0.631564
0.025848 -0.99959 0.012286 0.965339 0.999624 0.0259571 0.0088047 39.096 -0.00912 0.0120538 0.999886 -0.624651
0.0334137 -0.999366 0.0123303 0.436683 0.999422 0.0334869 0.00577849 39.116 -0.00618773 0.0121301 0.999907 -0.620493
0.0351837 -0.999285 0.0138281 -0.0738772 0.99934 0.0353045 0.00859339 39.1404 -0.00907544 0.0135166 0.999867 -0.619297
0.0377063 -0.999246 0.00920872 -0.577523 0.999077 0.0378865 0.0202419 39.1647 -0.0205755 0.00843697 0.999753 -0.625166
0.032113 -0.999254 0.0214733 -1.08337 0.998984 0.0327691 0.0309317 39.187 -0.0316123 0.0204582 0.999291 -0.61811
0.0325993 -0.999449 0.00627797 -1.59035 0.999112 0.0327548 0.0265096 39.2057 -0.0267006 0.0054082 0.999629 -0.624668
0.0327765 -0.999447 0.00568783 -2.16547 0.999461 0.0327648 -0.002139 39.2183 0.00195146 0.00575487 0.999982 -0.623673
0.0223193 -0.999682 0.0117767 -2.73812 0.999679 0.0224575 0.0117353 39.2364 -0.0119961 0.011511 0.999862 -0.624101
-0.00313993 -0.999909 0.013146 -3.25017 0.999594 -0.00276631 0.0283432 39.2259 -0.0283042 0.0132297 0.999512 -0.619573
-0.00510431 -0.999929 0.0107986 -3.76356 0.999969 -0.00503831 0.00612945 39.2239 -0.00607461 0.0108295 0.999923 -0.617009
-0.00932523 -0.999877 0.012611 -4.27605 0.999942 -0.00925549 0.00557703 39.2201 -0.00545962 0.0126623 0.999905 -0.612883
-0.00741749 -0.999872 0.0141545 -4.78367 0.999856 -0.00719975 0.0153719 39.2213 -0.0152681 0.0142665 0.999782 -0.608123
-0.00629323 -0.999771 0.0204326 -5.29531 0.999747 -0.00584907 0.0217254 39.2203 -0.0216009 0.0205642 0.999555 -0.604267
-0.0118162 -0.999789 0.0167873 -5.80629 0.999605 -0.0113823 0.02571 39.2183 -0.0255135 0.0170844 0.999528 -0.600713
-0.00706289 -0.999907 0.0116633 -6.32236 0.999844 -0.00687282 0.0162573 39.2176 -0.0161756 0.0117763 0.9998 -0.597102
-0.00939414 -0.999899 0.0106898 -6.83078 0.999837 -0.00922783 0.0155026 39.2136 -0.0154024 0.0108337 0.999823 -0.591946
-0.00699254 -0.999907 0.0116956 -7.34742 0.999942 -0.00689567 0.00830209 39.2104 -0.00822067 0.011753 0.999897 -0.587852
-0.00357639 -0.999814 0.0189623 -7.8492 0.999983 -0.00348691 0.00474984 39.2113 -0.00468284 0.018979 0.999809 -0.583195
-0.00589725 -0.999603 0.0275572 -8.35877 0.999935 -0.00562688 0.00987862 39.2143 -0.00971964 0.0276137 0.999571 -0.57656
-0.00489237 -0.999685 0.0245982 -8.88022 0.999908 -0.00457955 0.0127573 39.2139 -0.0126407 0.0246584 0.999616 -0.569108
0.000882056 -0.999843 0.0177156 -9.39169 0.999886 0.00114898 0.0150624 39.2201 -0.0150803 0.0177003 0.99973 -0.565427
0.00233503 -0.999828 0.0183863 -9.89426 0.999947 0.00251864 0.00996955 39.2234 -0.0100141 0.018362 0.999781 -0.560117
0.00263927 -0.999924 0.0120318 -10.4086 0.999995 0.00266032 0.00173356 39.224 -0.00176544 0.0120271 0.999926 -0.556807
0.00316968 -0.999895 0.0141125 -10.926 0.999992 0.00313643 -0.00237751 39.2244 0.002333 0.0141199 0.999898 -0.550861
0.00338918 -0.999792 0.0201053 -11.436 0.999992 0.00342803 0.00189815 39.2278 -0.00196667 0.0200987 0.999796 -0.546338
0.00257718 -0.999772 0.0212079 -11.9489 0.999992 0.00264444 0.0031442 39.2335 -0.00319956 0.0211996 0.99977 -0.540399
0.00368622 -0.999764 0.0214141 -12.4719 0.999989 0.00374741 0.00281836 39.2372 -0.00289795 0.0214034 0.999767 -0.532977
0.00444357 -0.999718 0.0233173 -12.976 0.999977 0.0045629 0.0050671 39.2426 -0.00517207 0.0232943 0.999715 -0.528085
0.00484251 -0.999856 0.0162659 -13.4961 0.999963 0.00495842 0.00709347 39.2515 -0.00717311 0.0162309 0.999843 -0.521565
0.00534517 -0.999861 0.0157919 -13.999 0.999965 0.00544667 0.00639144 39.2564 -0.00647656 0.0157572 0.999855 -0.51371
0.00679273 -0.999872 0.0145177 -14.5171 0.999965 0.00686327 0.00481429 39.2609 -0.00491331 0.0144845 0.999883 -0.508615
0.00771904 -0.999824 0.017101 -15.0214 0.99995 0.00782582 0.00618599 39.2668 -0.00631873 0.0170524 0.999835 -0.500123
0.00752322 -0.999739 0.0215546 -15.5458 0.999947 0.00767312 0.00688 39.2725 -0.0070436 0.0215017 0.999744 -0.489923
0.00751962 -0.99963 0.0261476 -16.0689 0.999971 0.00755049 0.00108214 39.2753 -0.00127916 0.0261387 0.999658 -0.484264
0.00866058 -0.999585 0.0274848 -16.5889 0.999959 0.00858599 -0.00283079 39.2803 0.00259363 0.0275082 0.999618 -0.479036
0.00927172 -0.999618 0.0260287 -17.0975 0.999943 0.00913096 -0.00552174 39.287 0.00528196 0.0260784 0.999646 -0.470906
0.00792969 -0.999697 0.0233034 -17.5994 0.999956 0.00780974 -0.00523421 39.2963 0.00505063 0.0233438 0.999715 -0.45862
0.0106595 -0.999791 0.0174458 -18.1267 0.999934 0.0105847 -0.00437105 39.3018 0.00418547 0.0174912 0.999838 -0.453283
0.0136258 -0.999751 0.0176993 -18.6528 0.999907 0.0136326 0.000259531 39.3101 -0.000500753 0.0176942 0.999843 -0.442776
0.0128834 -0.999734 0.0191285 -19.1594 0.999917 0.0128849 -4.51888e-05 39.3215 -0.000201292 0.0191275 0.999817 -0.435443
0.0134844 -0.999676 0.0215875 -19.671 0.999906 0.013536 0.00224158 39.3288 -0.00253306 0.0215553 0.999764 -0.43041
0.0163471 -0.999583 0.0238162 -20.1726 0.999866 0.0163507 -4.14615e-05 39.3384 -0.000347969 0.0238137 0.999716 -0.422394
0.0203722 -0.99951 0.023782 -20.6964 0.999792 0.0203723 -0.000236651 39.3538 -0.000247959 0.0237819 0.999717 -0.411309
0.0199887 -0.999469 0.0257384 -21.2202 0.9998 0.0200077 0.000478373 39.3657 -0.000993084 0.0257237 0.999669 -0.401744
0.0211029 -0.999482 0.0242944 -21.7408 0.999776 0.0210517 -0.00236177 39.3821 0.00184911 0.0243387 0.999702 -0.390777
0.0217331 -0.999558 0.0203 -22.2727 0.999724 0.0215469 -0.00934397 39.3913 0.00890243 0.0204974 0.99975 -0.382897
0.0213934 -0.999545 0.0212558 -22.7755 0.999733 0.0212021 -0.00918442 39.4079 0.00872957 0.0214466 0.999732 -0.374354
0.0222291 -0.999478 0.0234528 -23.3033 0.999725 0.0220487 -0.00792618 39.42 0.00740494 0.0236225 0.999694 -0.361807
0.0222933 -0.999462 0.0240417 -23.8343 0.999683 0.0220035 -0.0122514 39.4286 0.0117158 0.0243072 0.999636 -0.352504
0.0259008 -0.999229 0.0295139 -24.3432 0.999606 0.0255681 -0.0115923 39.4455 0.0108287 0.0298025 0.999497 -0.343357
0.0255597 -0.999188 0.0311528 -24.8601 0.999636 0.0252767 -0.00944453 39.4622 0.00864942 0.0313828 0.99947 -0.330725
-0.0258809 -0.999177 0.0312176 -25.1206 0.999644 -0.0256664 0.00725082 39.4481 -0.00644361 0.0313941 0.999486 -0.327437
-0.0427751 -0.998876 0.0204113 -25.6317 0.999058 -0.0429152 -0.0064768 39.4261 0.00734548 0.0201151 0.999771 -0.323244
-0.0438396 -0.998734 0.0246547 -26.1335 0.998908 -0.0442198 -0.0150951 39.4036 0.0161662 0.023966 0.999582 -0.310359
-0.0510017 -0.998379 0.0252773 -26.6474 0.998467 -0.0515185 -0.0202327 39.3755 0.0215021 0.0242067 0.999476 -0.298573
-0.0466376 -0.998449 0.0303914 -27.1491 0.998638 -0.0473161 -0.0219995 39.3565 0.0234034 0.029324 0.999296 -0.289234
-0.0452245 -0.998558 0.0289352 -27.6561 0.998867 -0.0456305 -0.0135286 39.3328 0.0148295 0.0282906 0.99949 -0.27584
-0.0420374 -0.99864 0.0308521 -28.1581 0.99911 -0.042124 -0.00216231 39.3181 0.00345899 0.0307337 0.999522 -0.266606
-0.0393735 -0.998914 0.0249168 -28.6732 0.999223 -0.0393108 0.00300284 39.3025 -0.00202008 0.0250156 0.999685 -0.259313
-0.0319179 -0.999238 0.0224499 -29.1753 0.999432 -0.0321503 -0.0100672 39.2871 0.0107813 0.0221159 0.999697 -0.248258
-0.0268984 -0.999227 0.0286588 -29.6928 0.9995 -0.0273606 -0.0158604 39.2747 0.0166322 0.0282179 0.999463 -0.23462
-0.0272436 -0.999241 0.027836 -30.2009 0.999468 -0.0277289 -0.0171996 39.2618 0.0179584 0.0273526 0.999465 -0.226254
-0.0264108 -0.999176 0.0308277 -30.7152 0.999575 -0.0267767 -0.011515 39.2531 0.012331 0.0305105 0.999458 -0.216196
-0.0261081 -0.999124 0.0327176 -31.2158 0.999658 -0.0261343 -0.000373898 39.2461 0.00122862 0.0326966 0.999465 -0.206139
-0.0248206 -0.999092 0.0346385 -31.7226 0.999686 -0.0249199 -0.00243868 39.236 0.00329966 0.0345671 0.999397 -0.195117
-0.0245981 -0.999246 0.0300254 -32.2435 0.999695 -0.0246541 -0.00149513 39.2315 0.00223425 0.0299795 0.999548 -0.181893
-0.0223237 -0.999405 0.026309 -32.7652 0.999707 -0.0225624 -0.00881195 39.2215 0.0094003 0.0261046 0.999615 -0.169386
-0.0232216 -0.999374 0.026707 -33.2838 0.999659 -0.02353 -0.0112921 39.2073 0.0119135 0.0264357 0.99958 -0.15899
-0.0195217 -0.999235 0.0338857 -33.7947 0.999674 -0.0200651 -0.0157701 39.1989 0.0164379 0.0335668 0.999301 -0.14888
-0.0180346 -0.999216 0.035241 -34.2994 0.999727 -0.0185463 -0.0142452 39.1937 0.0148877 0.0349744 0.999277 -0.138421
-0.021524 -0.999385 0.0276828 -34.8024 0.999766 -0.0215768 -0.00161112 39.1871 0.00220744 0.0276416 0.999615 -0.128711
0.0157076 -0.999572 0.0246862 -35.3081 0.999867 0.0155951 -0.00474442 39.1959 0.00435741 0.0247574 0.999684 -0.112216
0.0285006 -0.999049 0.0329845 -35.8206 0.999361 0.0277664 -0.0225069 39.2091 0.0215697 0.0336049 0.999202 -0.0990412
0.0336019 -0.998676 0.0389465 -36.326 0.999191 0.032707 -0.0233932 39.2278 0.0220884 0.0397011 0.998967 -0.0869184
0.0374594 -0.998813 0.0311294 -36.8347 0.999123 0.0368515 -0.019877 39.2495 0.0187062 0.0318467 0.999318 -0.0756065
0.0400741 -0.998851 0.0262837 -37.355 0.999158 0.039826 -0.00989434 39.273 0.00883619 0.0266581 0.999606 -0.0628435
0.0468528 -0.998597 0.0246743 -37.8794 0.998886 0.0466998 -0.00674062 39.3021 0.00557888 0.0249626 0.999673 -0.0509041
0.049287 -0.998488 0.0243358 -38.4318 0.998716 0.0489826 -0.0129491 39.334 0.0117375 0.0249428 0.99962 -0.0397421
0.0586624 -0.997892 0.027765 -38.9476 0.997979 0.0579416 -0.0260929 39.3651 0.0244292 0.0292396 0.999274 -0.0325309
0.051737 -0.998038 0.0352545 -39.4697 0.99845 0.050968 -0.022373 39.397 0.0205322 0.0363573 0.999128 -0.0206308
0.0513692 -0.998108 0.0337811 -39.978 0.99854 0.0507658 -0.0184844 39.4278 0.0167345 0.0346813 0.999258 -0.00991873
0.0555618 -0.998135 0.0253021 -40.4918 0.998378 0.0552242 -0.0138549 39.4583 0.0124317 0.0260309 0.999584 0.000731998
0.0588622 -0.997939 0.0255721 -41.0082 0.998204 0.0585526 -0.0126941 39.4941 0.0111706 0.0262734 0.999592 0.017172
0.0638628 -0.99774 0.0209027 -41.5155 0.997883 0.0635867 -0.0136191 39.5282 0.0122592 0.0217283 0.999689 0.0263148
0.0667176 -0.997463 0.0248367 -42.0175 0.997615 0.0662446 -0.0194044 39.5617 0.0177098 0.026072 0.999503 0.0341168
0.0690961 -0.997156 0.0301006 -42.5202 0.9974 0.0684305 -0.0226105 39.5956 0.0204864 0.0315846 0.999291 0.0454132
0.0723801 -0.996947 0.0293046 -43.0191 0.997144 0.0716973 -0.0237185 39.6321 0.021545 0.0309377 0.999289 0.0550162
0.0778266 -0.996535 0.0293314 -43.5223 0.99681 0.0772586 -0.0200247 39.6806 0.0176892 0.0307963 0.999369 0.0656548
0.0794421 -0.996441 0.0281983 -44.026 0.996743 0.0790099 -0.0161242 39.7189 0.0138389 0.0293875 0.999472 0.0749024
0.0748951 -0.996903 0.0239848 -44.5459 0.997174 0.0747303 -0.00769428 39.7626 0.00587806 0.0244933 0.999683 0.0858347
0.0626719 -0.997789 0.0221291 -45.0554 0.997919 0.0623125 -0.0165737 39.7979 0.0151581 0.0231217 0.999618 0.0963791
0.0598038 -0.997893 0.0251658 -45.5563 0.99811 0.0594225 -0.0156372 39.8288 0.0141088 0.0260534 0.999561 0.110507
0.008644 -0.999327 0.0356486 -45.6779 0.999955 0.00850165 -0.00414287 39.8137 0.00383701 0.0356828 0.999356 0.111725
-0.00197954 -0.999588 0.0286368 -46.1948 0.999908 -0.00236371 -0.0133876 39.8113 0.0134498 0.0286077 0.9995 0.119989
-0.000742818 -0.999699 0.024515 -46.7173 0.999694 -0.001349 -0.0247195 39.8109 0.0247452 0.0244892 0.999394 0.12959
-0.00769416 -0.999711 0.0227583 -47.2302 0.999576 -0.00832798 -0.0278876 39.8048 0.028069 0.0225341 0.999352 0.140216
0.000305781 -0.999652 0.0263695 -47.7361 0.999842 -0.000163314 -0.0177853 39.8087 0.0177834 0.0263708 0.999494 0.154777
0.00320796 -0.999573 0.0290291 -48.2467 0.999877 0.0027615 -0.0154066 39.8127 0.0153199 0.0290749 0.99946 0.166232
0.00274107 -0.999619 0.0274589 -48.773 0.999878 0.00231721 -0.015456 39.8144 0.0153865 0.0274979 0.999503 0.175224
0.00927135 -0.999494 0.0304396 -49.2775 0.9997 0.00857515 -0.0229232 39.8222 0.0226505 0.030643 0.999274 0.184849
0.00638893 -0.999541 0.0296254 -49.7813 0.999735 0.00572911 -0.0223036 39.8294 0.0221236 0.0297601 0.999312 0.195697
0.00610195 -0.999603 0.0275068 -50.2874 0.99977 0.0055329 -0.0207165 39.8335 0.0205561 0.0276269 0.999407 0.206314
0.00502225 -0.99971 0.0235619 -50.813 0.999778 0.0045377 -0.0205736 39.8387 0.0204608 0.02366 0.999511 0.214526
0.0041576 -0.999695 0.0243435 -51.3237 0.999862 0.00376467 -0.0161644 39.8448 0.0160678 0.0244073 0.999573 0.226321
0.000759859 -0.999634 0.0270515 -51.8484 0.999859 0.000305756 -0.0167868 39.8446 0.0167724 0.0270605 0.999493 0.239808
0.000359036 -0.999623 0.0274609 -52.3616 0.999839 -0.000134485 -0.0179678 39.8495 0.0179648 0.0274629 0.999461 0.24903
0.00212113 -0.999499 0.0315928 -52.8683 0.999675 0.00131717 -0.0254466 39.8491 0.0253923 0.0316366 0.999177 0.260208
-0.000895052 -0.999565 0.0294689 -53.3917 0.999604 -0.00172304 -0.0280837 39.8497 0.0281223 0.0294321 0.999171 0.268885
-0.00179946 -0.999678 0.0253181 -53.8992 0.999454 -0.0026334 -0.0329436 39.8461 0.0329997 0.0252449 0.999136 0.27883
-0.00291842 -0.999782 0.0206915 -54.4091 0.999605 -0.00349502 -0.0278857 39.849 0.0279519 0.020602 0.999397 0.287562
-0.0054763 -0.999674 0.0249424 -54.9312 0.999648 -0.00611978 -0.0257961 39.8509 0.0259404 0.0247923 0.999356 0.304177
-0.00671025 -0.999522 0.0301666 -55.4495 0.99968 -0.00744145 -0.0241924 39.8488 0.0244053 0.0299946 0.999252 0.315218
-0.00727913 -0.999451 0.0323316 -55.9643 0.999701 -0.00802877 -0.0231171 39.842 0.0233639 0.0321537 0.99921 0.324011
-0.00773736 -0.999526 0.0298083 -56.4875 0.999745 -0.00836473 -0.0209797 39.8386 0.0212191 0.0296384 0.999335 0.330891
-0.0144414 -0.999618 0.0235484 -56.9964 0.999693 -0.0149082 -0.0197692 39.8347 0.0201128 0.0232557 0.999527 0.339634
-0.0472676 -0.998732 0.0173441 -57.5209 0.99863 -0.0476387 -0.0216511 39.811 0.0224499 0.0162969 0.999615 0.344569
-0.0566435 -0.99825 0.017008 -58.0279 0.998104 -0.0570295 -0.0231402 39.7793 0.0240697 0.015665 0.999588 0.351564
-0.0570851 -0.998095 0.0234107 -58.5346 0.997978 -0.0577034 -0.0266436 39.7516 0.0279437 0.0218424 0.999371 0.360034
-0.0564963 -0.997928 0.0307926 -59.0543 0.997802 -0.0575054 -0.032934 39.7211 0.0346365 0.0288643 0.998983 0.371056
-0.0616125 -0.997567 0.0326177 -59.5725 0.997467 -0.0627044 -0.033585 39.6898 0.0355486 0.0304658 0.998903 0.380799
-0.0650673 -0.997529 0.0264852 -60.1217 0.997366 -0.0658634 -0.0303866 39.6563 0.032056 0.0244383 0.999187 0.391778
-0.0677231 -0.99754 0.0180708 -60.6278 0.997225 -0.0682409 -0.0297646 39.6253 0.0309245 0.0160049 0.999394 0.399043
-0.0694932 -0.997324 0.0227245 -61.1344 0.997032 -0.0701937 -0.0316339 39.5931 0.0331443 0.0204587 0.999241 0.408022
-0.0300828 -0.999268 0.0236198 -61.6645 0.998928 -0.0308872 -0.0344661 39.5892 0.0351704 0.0225577 0.999127 0.420865
0.0102239 -0.999559 0.0278825 -62.1739 0.999263 0.00918098 -0.0372789 39.6059 0.0370065 0.0282431 0.998916 0.435505
0.0168589 -0.999558 0.0245034 -62.6833 0.999544 0.0162346 -0.0254565 39.6197 0.0250475 0.0249214 0.999376 0.442185
0.0188124 -0.999604 0.0209417 -63.1983 0.999653 0.0184187 -0.0188379 39.6324 0.0184447 0.0212888 0.999603 0.45311
0.0251534 -0.999465 0.020912 -63.7102 0.999523 0.0247685 -0.0184611 39.65 0.0179333 0.0213663 0.999611 0.460959
0.0310069 -0.99897 0.0331355 -64.2135 0.999207 0.0301524 -0.0259849 39.6681 0.024959 0.0339149 0.999113 0.477895
0.0276931 -0.999493 0.0156908 -64.7166 0.998975 0.0271095 -0.0362579 39.6798 0.0358142 0.0166788 0.999219 0.471097
0.0329962 -0.99933 0.0158557 -65.2219 0.999142 0.0325843 -0.0255711 39.6995 0.0250374 0.0166859 0.999547 0.48019
0.0341442 -0.999113 0.0246639 -65.7324 0.999154 0.0335586 -0.0237819 39.7228 0.0229331 0.025455 0.999413 0.487695
0.0385823 -0.999019 0.021747 -66.2354 0.998991 0.0380628 -0.0238161 39.7424 0.0229649 0.022644 0.99948 0.49307
-0.0032248 -0.999621 0.0273433 -66.5347 0.999818 -0.00373765 -0.0187259 39.7476 0.018821 0.0272779 0.999451 0.496909
-0.0828357 -0.996344 0.0209103 -66.5273 0.99637 -0.0832145 -0.0179492 39.7144 0.0196236 0.0193475 0.99962 0.494489
-0.149553 -0.988626 0.015889 -66.5015 0.988348 -0.149933 -0.026253 39.6912 0.0283367 0.0117777 0.999529 0.494688
-0.228462 -0.973411 0.0166365 -66.4888 0.973036 -0.228864 -0.0286786 39.6608 0.0317235 0.00963592 0.99945 0.490309
-0.304204 -0.952339 0.0226058 -66.4887 0.951732 -0.304856 -0.0356288 39.628 0.0408222 0.0106762 0.999109 0.483142
-0.36543 -0.930427 0.0276656 -66.4795 0.930179 -0.366129 -0.0267751 39.6119 0.0350414 0.0159496 0.999259 0.484187
-0.425891 -0.904558 0.019797 -66.4587 0.904473 -0.426212 -0.0164928 39.5838 0.0233564 0.0108817 0.999668 0.481068
-0.498175 -0.866801 0.0218629 -66.4472 0.866623 -0.498572 -0.0197714 39.5595 0.0280381 0.00909728 0.999565 0.484024
-0.566694 -0.823642 0.0217433 -66.4342 0.823362 -0.567085 -0.0221328 39.5328 0.0305599 0.00536009 0.999519 0.47881
-0.610321 -0.791486 0.0325387 -66.4244 0.791262 -0.611068 -0.0223679 39.5109 0.0375873 0.012095 0.99922 0.481675
-0.65994 -0.750914 0.0246567 -66.4059 0.750968 -0.660279 -0.00888582 39.4986 0.0229528 0.0126523 0.999656 0.484532
-0.708574 -0.705431 0.0170181 -66.3777 0.705435 -0.708742 -0.00678463 39.4859 0.0168475 0.00719772 0.999832 0.484277
-0.790437 -0.612022 0.025266 -66.3454 0.611931 -0.790819 -0.0121207 39.4452 0.027399 0.0058804 0.999607 0.474578
-0.823694 -0.566202 0.0307132 -66.3242 0.56625 -0.824195 -0.00795331 39.4301 0.0298169 0.0108403 0.999497 0.476863
-0.857843 -0.513632 0.0169701 -66.2984 0.513646 -0.857994 -0.00385212 39.439 0.0165388 0.00541209 0.999849 0.481827
-0.895367 -0.445179 0.0115656 -66.2762 0.445102 -0.895438 -0.00872548 39.4244 0.0142407 -0.00266465 0.999895 0.479023
-0.950404 -0.309953 0.0257331 -66.2317 0.309746 -0.950747 -0.0117622 39.3902 0.0281114 -0.00320816 0.9996 0.481011
-0.967896 -0.249903 0.0269397 -66.2024 0.249846 -0.96827 -0.00551805 39.3879 0.0274639 0.00138988 0.999622 0.482112
-0.986524 -0.162645 0.0178174 -66.1615 0.162561 -0.98668 -0.00605795 39.3859 0.0185653 -0.00307991 0.999823 0.484138
-0.996498 -0.0816395 0.0180825 -66.1339 0.0815657 -0.996656 -0.00478195 39.3712 0.0184124 -0.00329029 0.999825 0.480867
-0.99986 -0.00892656 0.0141625 -66.107 0.00890576 -0.999959 -0.00153101 39.3612 0.0141756 -0.00140467 0.999899 0.475185
-0.999519 0.0258897 0.0170649 -66.0771 -0.0258622 -0.999664 0.00183375 38.9098 0.0171067 0.00139153 0.999853 0.471516
-0.999328 0.0328755 0.0162393 -66.0632 -0.033038 -0.999406 -0.00983827 38.3988 0.0159062 -0.0103682 0.99982 0.459027
-0.999259 0.0362988 0.0127718 -66.0508 -0.0364242 -0.999289 -0.00972893 37.8845 0.0124095 -0.0101869 0.999871 0.458209
-0.999051 0.0415817 0.0129929 -66.0164 -0.0417511 -0.999043 -0.0130538 37.3554 0.0124376 -0.0135839 0.99983 0.445302
-0.998794 0.0465191 0.0157123 -65.9901 -0.0467638 -0.998784 -0.0155875 36.812 0.014968 -0.0163035 0.999755 0.435082
-0.9988 0.0445858 0.0202467 -65.9666 -0.0448071 -0.998939 -0.0106123 36.2969 0.019752 -0.0115068 0.999739 0.426766
-0.998633 0.0491925 0.0176689 -65.9405 -0.0493249 -0.998757 -0.00713456 35.7934 0.0172959 -0.00799632 0.999818 0.416931
-0.998364 0.0553026 0.0144982 -65.9154 -0.0554506 -0.998411 -0.010012 35.235 0.0139215 -0.0107995 0.999845 0.406697
-0.998315 0.0552234 0.0178118 -65.8832 -0.0554069 -0.998414 -0.00997437 34.7287 0.0172327 -0.0109445 0.999792 0.396871
-0.99817 0.0581544 0.0165945 -65.8536 -0.0582404 -0.998291 -0.00474359 34.2254 0.0162903 -0.00570138 0.999851 0.391054
-0.999775 0.00768796 0.0197809 -65.8609 -0.0078004 -0.999954 -0.00561332 33.8063 0.0197369 -0.00576636 0.999789 0.385796
-0.999784 -0.0116114 0.0172597 -65.8795 0.0114598 -0.999895 -0.00885828 33.2883 0.0173607 -0.00865857 0.999812 0.377193
-0.999881 -0.00995222 0.011766 -65.8872 0.00988329 -0.999934 -0.00590192 32.7665 0.0118239 -0.00578493 0.999913 0.36747
-0.999879 -0.00712642 0.0138256 -65.8894 0.00713616 -0.999974 0.000655445 32.4976 0.0138206 0.000754027 0.999904 0.364802
-0.99983 -0.00848783 0.0163473 -65.8941 0.00849882 -0.999964 0.000603027 31.9848 0.0163416 0.000741858 0.999866 0.356761
-0.999822 -0.0112249 0.015182 -65.9043 0.0110267 -0.999854 -0.0130737 31.4474 0.0153265 -0.0129039 0.999799 0.347352
-0.999792 -0.0141304 0.0146854 -65.9141 0.0139166 -0.999797 -0.014563 30.9249 0.0148882 -0.0143557 0.999786 0.341164
-0.999832 -0.0142522 0.0115445 -65.9236 0.0141314 -0.999845 -0.0104777 30.4224 0.0116921 -0.0103128 0.999878 0.33254
-0.999799 -0.0165965 0.0112081 -65.934 0.0165312 -0.999846 -0.00589858 29.9114 0.0113043 -0.00571212 0.99992 0.324003
-0.999822 -0.0157929 0.0103404 -65.9488 0.0157579 -0.99987 -0.0034568 29.4111 0.0103937 -0.00329324 0.999941 0.313474
-0.999792 -0.0178392 0.00987582 -65.9595 0.0177968 -0.999832 -0.00436393 28.907 0.00995201 -0.00418726 0.999942 0.305301
-0.999781 -0.0176789 0.011164 -65.9614 0.0176021 -0.999821 -0.00694435 28.4019 0.0112847 -0.00674632 0.999914 0.295147
-0.999506 -0.0205505 0.0237988 -65.9728 0.0203012 -0.999737 -0.0106726 27.8845 0.0240119 -0.0101842 0.99966 0.285059
-0.999525 -0.0209385 0.0226351 -65.9876 0.0206101 -0.99968 -0.0146476 27.3674 0.0229346 -0.0141742 0.999636 0.279635
-0.999581 -0.0216967 0.0191718 -66.0054 0.0214478 -0.999684 -0.0130933 26.817 0.0194498 -0.0126767 0.99973 0.274493
-0.999533 -0.0285365 0.0109494 -66.0279 0.0284432 -0.999559 -0.00857855 26.2929 0.0111894 -0.00826311 0.999903 0.268571
-0.99963 -0.026387 0.00665336 -66.0434 0.0263596 -0.999644 -0.00417875 25.7911 0.00676125 -0.00400182 0.999969 0.259313
-0.999491 -0.028743 0.0138597 -66.0592 0.0286658 -0.999573 -0.00573325 25.2693 0.0140185 -0.00533303 0.999888 0.249659
-0.999345 -0.0276469 0.0233519 -66.0764 0.027508 -0.999602 -0.00624972 24.7672 0.0235154 -0.00560326 0.999708 0.241495
-0.999363 -0.0248389 0.0256308 -66.0874 0.0246711 -0.999672 -0.00684253 24.2597 0.0257923 -0.00620583 0.999648 0.232468
-0.99944 -0.0230595 0.0242624 -66.1019 0.0228769 -0.999708 -0.00777663 23.7531 0.0244346 -0.00721723 0.999675 0.225232
-0.999618 -0.0251873 0.0113814 -66.1156 0.0250941 -0.999651 -0.00826183 23.2529 0.0115856 -0.00797307 0.999901 0.217478
-0.999685 -0.0249689 0.00233902 -66.1329 0.0249371 -0.999608 -0.0127611 22.7409 0.00265673 -0.0126988 0.999916 0.208609
-0.999481 -0.0262076 0.0187091 -66.1406 0.0261797 -0.999656 -0.00173769 22.2245 0.0187482 -0.00124699 0.999823 0.201638
-0.999083 -0.0296808 0.0308584 -66.1582 0.0294518 -0.999535 -0.0078495 21.7158 0.031077 -0.00693346 0.999493 0.195796
-0.999179 -0.028663 0.0286335 -66.1778 0.0284584 -0.999567 -0.00752745 21.1987 0.0288369 -0.00670641 0.999562 0.188081
-0.999724 -0.0218879 0.00850097 -66.1953 0.0217402 -0.999618 -0.0170942 20.671 0.00887187 -0.0169047 0.999818 0.176209
-0.99974 -0.0223054 0.0047188 -66.2086 0.022237 -0.999653 -0.0141007 20.1601 0.00503169 -0.0139921 0.999889 0.169825
-0.999816 -0.0181663 0.00611463 -66.2175 0.0181562 -0.999834 -0.00169958 19.6578 0.00614449 -0.00158825 0.99998 0.163254
-0.9997 -0.0188241 0.0156525 -66.2271 0.0188161 -0.999823 -0.000660218 19.1515 0.0156621 -0.000365502 0.999877 0.15476
-0.999022 -0.0262202 0.0356074 -66.2371 0.0258241 -0.9996 -0.0115377 18.6251 0.0358957 -0.0106069 0.999299 0.142579
-0.999132 -0.0284606 0.0304267 -66.2598 0.0280314 -0.999503 -0.0144389 18.0998 0.0308225 -0.0135734 0.999433 0.133443
-0.99942 -0.0261967 0.0217352 -66.28 0.0260078 -0.999622 -0.00892798 17.5724 0.0219608 -0.00835752 0.999724 0.130586
-0.999524 -0.0287757 0.0111328 -66.2997 0.0286719 -0.999545 -0.0093726 17.0404 0.0113975 -0.00904894 0.999894 0.125398
-0.999633 -0.0269686 -0.0023866 -66.3237 0.0269777 -0.999628 -0.00388801 16.5267 -0.00228086 -0.00395097 0.99999 0.118322
-0.999615 -0.027677 -0.00198141 -66.3394 0.0276824 -0.999613 -0.00275888 16.0163 -0.00190429 -0.00281267 0.999994 0.115661
-0.999573 -0.0290824 0.00265388 -66.3588 0.0290737 -0.999572 -0.00326455 15.5085 0.00274768 -0.003186 0.999991 0.109027
-0.999517 -0.0264179 0.0163896 -66.3759 0.0262795 -0.999618 -0.00860577 14.9848 0.0166107 -0.0081709 0.999829 0.101398
-0.999557 -0.0229902 0.0189013 -66.3896 0.0228118 -0.999694 -0.00959924 14.4837 0.0191162 -0.00916381 0.999775 0.0893607
-0.999326 -0.0235515 0.0281415 -66.3971 0.0232474 -0.999668 -0.0110842 13.98 0.0283932 -0.0104225 0.999542 0.0823517
-0.999242 -0.0245692 0.0302025 -66.4098 0.0240381 -0.999552 -0.0178253 13.4492 0.030627 -0.0170858 0.999385 0.0720801
-0.999043 -0.0407486 0.0159076 -66.4311 0.040514 -0.999069 -0.0147983 12.9397 0.0164958 -0.0141397 0.999764 0.061993
-0.998906 -0.0438422 0.0162846 -66.455 0.0436845 -0.998996 -0.00991574 12.4209 0.016703 -0.00919351 0.999818 0.0557122
-0.998799 -0.0467093 0.0147907 -66.4793 0.0466088 -0.998888 -0.00706839 11.9188 0.0151044 -0.00637053 0.999866 0.0496118
-0.998639 -0.04826 0.0197907 -66.5066 0.0480759 -0.998797 -0.00967453 11.4033 0.0202338 -0.00870991 0.999757 0.0426796
-0.998555 -0.0473084 0.025487 -66.535 0.0469637 -0.998799 -0.0139573 10.8718 0.0261167 -0.0127401 0.999578 0.0367847
-0.998648 -0.0460908 0.0240299 -66.554 0.0457948 -0.99887 -0.0127243 10.3519 0.0245892 -0.0116067 0.99963 0.029035
-0.998417 -0.0500659 0.025626 -66.5852 0.0498693 -0.998722 -0.00825501 9.82375 0.0260066 -0.00696399 0.999638 0.0215165
-0.99858 -0.0517258 0.0127475 -66.6167 0.0516776 -0.998655 -0.00408492 9.2937 0.0129417 -0.00342036 0.99991 0.0150457
-0.998368 -0.0557925 0.0121521 -66.6487 0.0557302 -0.998431 -0.00540609 8.7761 0.0124347 -0.00472003 0.999912 0.00859632
-0.998283 -0.0580857 0.00750762 -66.692 0.0580304 -0.998288 -0.00737637 8.21937 0.00792322 -0.00692804 0.999945 0.000346778
-0.998195 -0.0586638 0.0128786 -66.7237 0.0585785 -0.998259 -0.006904 7.71343 0.0132612 -0.00613712 0.999893 -0.00288665
-0.99819 -0.0587793 0.0127394 -66.7563 0.0586635 -0.998235 -0.00928561 7.19171 0.0132628 -0.00852146 0.999876 -0.00923577
-0.998111 -0.0598219 0.01402 -66.7918 0.0596521 -0.998144 -0.0122371 6.66618 0.014726 -0.0113776 0.999827 -0.0148651
-0.997942 -0.0610468 0.019637 -66.8249 0.0607706 -0.998048 -0.0143681 6.16178 0.0204758 -0.0131452 0.999704 -0.0217775
-0.997899 -0.0616979 0.0197903 -66.8585 0.0614844 -0.998045 -0.0112212 5.6387 0.0204439 -0.00998086 0.999741 -0.0292822
-0.997959 -0.0613863 0.0175932 -66.8947 0.0612555 -0.998091 -0.00787989 5.10521 0.0180433 -0.00678612 0.999814 -0.036838
-0.997951 -0.0633927 0.0087105 -66.9306 0.0633219 -0.99796 -0.00816745 4.57302 0.00921049 -0.00759914 0.999929 -0.0463911
-0.997892 -0.0647109 0.00489971 -66.9688 0.0646881 -0.997895 -0.00466568 4.057 0.00519132 -0.00433889 0.999977 -0.053707
-0.998236 -0.0593406 0.00207591 -67.0021 0.059322 -0.998206 -0.00809085 3.54989 0.00255231 -0.00795343 0.999965 -0.0658596
-0.998298 -0.0582934 0.00154659 -67.0327 0.0582821 -0.998279 -0.00655667 3.03275 0.00192614 -0.00645537 0.999977 -0.0718192
-0.998245 -0.0587835 0.00722123 -67.0642 0.0586726 -0.998169 -0.0147152 2.48865 0.00807301 -0.0142657 0.999866 -0.0825564
-0.99778 -0.0634596 0.0201877 -67.0979 0.0631436 -0.997877 -0.0159226 1.98148 0.0211553 -0.0146125 0.999669 -0.0927649
-0.997783 -0.0630439 0.021326 -67.1331 0.062686 -0.997888 -0.0170558 1.45716 0.0223562 -0.0156812 0.999627 -0.0998903
-0.99773 -0.0631864 0.0232783 -67.1642 0.0629273 -0.997949 -0.0117032 0.944733 0.02397 -0.0102118 0.999661 -0.106003
-0.997792 -0.0605944 0.0272106 -67.1974 0.060395 -0.998142 -0.00809194 0.409609 0.0276503 -0.00643069 0.999597 -0.110372
-0.999871 -0.00256028 0.0158291 -67.19 0.00241661 -0.999956 -0.00908852 0.122783 0.0158517 -0.0090491 0.999833 -0.114065
-0.997468 0.0691878 0.0164633 -67.1583 -0.0694266 -0.997483 -0.0144083 -0.050279 0.015425 -0.0155148 0.999761 -0.119432
-0.987256 0.157858 0.020146 -67.0969 -0.158199 -0.987267 -0.0166366 -0.308993 0.0172633 -0.0196117 0.999659 -0.123869
-0.971686 0.234743 0.0268688 -67.0462 -0.235182 -0.971843 -0.0144886 -0.422504 0.0227112 -0.0203974 0.999534 -0.126218
-0.954979 0.295166 0.0298598 -67.0012 -0.295564 -0.955273 -0.00980788 -0.467077 0.0256293 -0.0181918 0.999506 -0.133743
-0.940195 0.340431 0.0118619 -66.9707 -0.340577 -0.940112 -0.0140044 -0.529437 0.006384 -0.0172068 0.999832 -0.130022
-0.916382 0.400167 0.0104919 -66.9161 -0.400291 -0.916248 -0.0160031 -0.582985 0.00320924 -0.0188648 0.999817 -0.129813
-0.888816 0.45818 0.00882269 -66.86 -0.458257 -0.888525 -0.0228768 -0.642125 -0.00264248 -0.0243763 0.999699 -0.133624
-0.849571 0.52707 0.020633 -66.7997 -0.527315 -0.849625 -0.0087315 -0.672239 0.0129282 -0.0182981 0.999749 -0.130803
-0.812171 0.583168 0.0171125 -66.7278 -0.583285 -0.812264 -0.00243716 -0.697784 0.0124786 -0.0119609 0.999851 -0.144478
-0.74271 0.669608 0.00241988 -66.6593 -0.669573 -0.742622 -0.0135431 -0.773699 -0.00727148 -0.0116789 0.999905 -0.12671
-0.66082 0.75044 0.0125215 -66.5672 -0.750544 -0.660749 -0.00975055 -0.795774 0.000956377 -0.0158413 0.999874 -0.140182
-0.596551 0.802453 0.0139765 -66.4885 -0.802513 -0.596631 0.00202199 -0.811648 0.00996134 -0.0100101 0.9999 -0.143036
-0.526314 0.85028 0.00416652 -66.4045 -0.850286 -0.526288 -0.00593904 -0.837191 -0.00285706 -0.00666853 0.999974 -0.144258
-0.464495 0.88557 0.00316268 -66.3413 -0.885532 -0.464434 -0.0115904 -0.841363 -0.00879529 -0.00818436 0.999928 -0.14512
-0.39543 0.918473 0.00657403 -66.2803 -0.918476 -0.395364 -0.0094702 -0.830064 -0.00609898 -0.00978289 0.999934 -0.150012
-0.295957 0.955201 0.000670181 -66.1821 -0.955185 -0.295948 -0.00602824 -0.819277 -0.00555985 -0.00242425 0.999982 -0.148208
-0.24475 0.969586 -0.000506764 -65.7981 -0.969552 -0.244746 -0.00824191 -0.903244 -0.00811526 -0.00152588 0.999966 -0.154748
-0.162053 0.986782 -0.000277924 -65.7042 -0.986693 -0.162042 -0.0133694 -0.891887 -0.0132377 -0.00189233 0.999911 -0.149638
-0.0875255 0.996141 0.00656414 -65.5933 -0.996161 -0.0875139 -0.00202649 -0.872463 -0.00144422 -0.00671631 0.999976 -0.160483
-0.0874679 0.996164 0.00252604 -65.0666 -0.996113 -0.0874363 -0.0106807 -0.909487 -0.0104189 -0.00345044 0.99994 -0.164221
-0.0783416 0.996926 -0.000714519 -64.5583 -0.996897 -0.0783448 -0.00764582 -0.95717 -0.0076783 0.000113316 0.999971 -0.16756
-0.0734656 0.997285 -0.00507512 -64.0471 -0.997283 -0.0734915 -0.00511139 -0.996964 -0.00547049 0.00468582 0.999974 -0.164197
-0.0753505 0.997133 -0.00699647 -63.5187 -0.997156 -0.0753578 -0.000787011 -1.0459 -0.00131199 0.00691727 0.999975 -0.163792
-0.0696814 0.997559 -0.00449126 -63.0205 -0.99756 -0.0696992 -0.00395308 -1.07812 -0.00425647 0.00420485 0.999982 -0.165112
-0.0751341 0.997162 -0.00471321 -62.4879 -0.997108 -0.0751826 -0.0111293 -1.12309 -0.0114521 0.00386338 0.999927 -0.167043
-0.0480415 0.998844 -0.00153771 -61.967 -0.998659 -0.0480622 -0.0192546 -1.14157 -0.0193063 0.000610626 0.999813 -0.170246
-0.0194859 0.999807 -0.00258629 -61.4574 -0.99981 -0.0194881 -0.000810254 -1.14865 -0.0008605 0.00257001 0.999996 -0.169066
-0.0083284 0.999964 -0.00168776 -60.9394 -0.999965 -0.00832969 -0.0007583 -1.14909 -0.000772331 0.00168139 0.999998 -0.169445
0.000184475 0.999994 -0.0035942 -60.4244 -0.999997 0.000176106 -0.00232859 -1.15698 -0.00232794 0.00359462 0.999991 -0.169468
0.00873623 0.999961 -0.000975468 -59.9114 -0.999951 0.00873166 -0.00458731 -1.15189 -0.00457861 0.0010155 0.999989 -0.171728
0.00835234 0.999914 -0.0101503 -59.4073 -0.999963 0.00833158 -0.00208589 -1.15305 -0.00200114 0.0101673 0.999946 -0.166314
0.0177261 0.999803 -0.00893414 -58.8034 -0.99984 0.0177031 -0.00264741 -1.14803 -0.00248872 0.00897964 0.999957 -0.164372
0.0234304 0.999681 -0.00947772 -58.2809 -0.999725 0.0234174 -0.00148175 -1.13434 -0.00125933 0.00950982 0.999954 -0.163178
0.0325066 0.999396 -0.0122864 -57.7714 -0.999464 0.0324575 -0.00417925 -1.12012 -0.00377794 0.0124157 0.999916 -0.160279
0.0404676 0.999096 -0.0130251 -57.2593 -0.999181 0.0404598 -0.000863628 -1.10552 -0.000335855 0.0130494 0.999915 -0.156981
0.0391232 0.9992 -0.00825874 -56.7397 -0.999234 0.0391174 -0.000854526 -1.08375 -0.000530782 0.00828585 0.999966 -0.154839
0.00146736 0.99999 -0.00417922 -56.2267 -0.999998 0.0014731 0.00137098 -1.09139 0.00137713 0.0041772 0.99999 -0.155161
0.00119225 0.999969 -0.00778293 -55.7203 -0.999995 0.00121567 0.00300558 -1.09313 0.00301494 0.0077793 0.999965 -0.151125
0.00146167 0.999945 -0.0103648 -55.2019 -0.999988 0.00151071 0.00472462 -1.0975 0.00474002 0.0103578 0.999935 -0.148894
0.00153821 0.999893 -0.0145232 -54.6992 -0.999984 0.00161687 0.00540641 -1.09454 0.00542932 0.0145147 0.99988 -0.144508
0.0047747 0.999862 -0.0159092 -54.1636 -0.999982 0.00483266 0.00360669 -1.09411 0.00368308 0.0158917 0.999867 -0.14274
-0.00834709 0.999833 -0.0162808 -53.6624 -0.999957 -0.00827993 0.00418859 -1.10507 0.00405309 0.0163151 0.999859 -0.140049
-0.0264041 0.999547 -0.0144434 -53.1426 -0.999589 -0.0262387 0.0115236 -1.12169 0.0111394 0.0147418 0.999829 -0.134963
-0.030193 0.999522 -0.00658873 -52.5692 -0.999542 -0.0301774 0.0024606 -1.15053 0.00226059 0.00666 0.999975 -0.133999
-0.0334922 0.999438 -0.001478 -52.0167 -0.999439 -0.0334925 -0.000180091 -1.16915 -0.000229492 0.00147114 0.999999 -0.133943
-0.0357444 0.999348 -0.00506389 -51.5002 -0.999361 -0.035748 -0.000627405 -1.19147 -0.000808019 0.00503823 0.999987 -0.129208
-0.0401411 0.999095 -0.0140522 -50.9774 -0.999184 -0.0401997 -0.00391533 -1.21929 -0.00447668 0.0138836 0.999894 -0.123111
-0.0402759 0.998995 -0.0196658 -50.4728 -0.99916 -0.0404166 -0.00680941 -1.23755 -0.0075974 0.0193751 0.999783 -0.119938
-0.0415554 0.998922 -0.0206836 -49.9607 -0.999122 -0.0416569 -0.00449907 -1.26295 -0.00535584 0.0204785 0.999776 -0.113588
-0.042592 0.998965 -0.0159588 -49.4367 -0.999079 -0.0426691 -0.00452643 -1.28918 -0.00520269 0.0157513 0.999862 -0.112326
-0.0435537 0.998982 -0.0117273 -48.9018 -0.999045 -0.0435093 0.00401746 -1.31376 0.00350312 0.0118911 0.999923 -0.109647
-0.0444052 0.998982 -0.00788761 -48.3776 -0.999008 -0.0443768 0.00374407 -1.34059 0.00339024 0.00804604 0.999962 -0.10662
-0.0475085 0.998849 -0.00661797 -47.8755 -0.998868 -0.0474923 0.00258176 -1.36455 0.00226449 0.00673314 0.999975 -0.104612
-0.0484318 0.998793 -0.00811936 -47.361 -0.998823 -0.0484101 0.00284818 -1.39659 0.00245169 0.00824775 0.999963 -0.0996524
-0.0476087 0.998745 -0.0155703 -46.8454 -0.998808 -0.0477686 -0.0100592 -1.42782 -0.0107903 0.0150728 0.999828 -0.0943578
-0.0492215 0.998672 -0.0151946 -46.3297 -0.998776 -0.049291 -0.00422978 -1.45635 -0.00497311 0.0149678 0.999876 -0.0915002
-0.049694 0.998523 -0.0219729 -45.8099 -0.998764 -0.049677 0.00132173 -1.48329 0.000228225 0.0220115 0.999758 -0.0864333
-0.0463095 0.998701 -0.0212654 -45.3061 -0.998896 -0.0461287 0.0089183 -1.50505 0.00792577 0.0216549 0.999734 -0.0802426
-0.0763158 0.997064 -0.00625046 -44.8552 -0.996472 -0.076048 0.0354938 -1.53691 0.0349142 0.00893714 0.99935 -0.0780711
-0.145102 0.989394 -0.0067039 -44.684 -0.989072 -0.14487 0.0273763 -1.58373 0.0261147 0.010603 0.999603 -0.0744367
-0.199112 0.979971 -0.00326318 -44.5667 -0.979952 -0.199082 0.00774166 -1.62859 0.00693696 0.00473922 0.999965 -0.0758247
-0.274089 0.961703 -0.00123674 -44.3835 -0.961703 -0.274091 -0.00117512 -1.6978 -0.00146909 0.000867286 0.999999 -0.0801149
-0.336445 0.941667 -0.00821418 -44.3138 -0.941635 -0.336513 -0.00914624 -1.7425 -0.0113769 0.00465755 0.999924 -0.0706198
-0.38689 0.922027 -0.0134804 -44.2138 -0.922123 -0.386885 0.00308071 -1.80339 -0.00237487 0.0136225 0.999904 -0.0728904
-0.429894 0.902879 -0.00123899 -44.0468 -0.902614 -0.429734 0.0248347 -1.89915 0.0218903 0.0117946 0.999691 -0.0699735
-0.496924 0.867793 -0.00174637 -43.9547 -0.867733 -0.496864 0.0128838 -1.97302 0.0103128 0.00791766 0.999915 -0.0691003
-0.566714 0.823911 0.00242997 -43.8585 -0.823885 -0.566717 0.00669294 -2.06536 0.00689149 0.00179097 0.999975 -0.0649028
-0.628556 0.777745 -0.00546405 -43.8233 -0.777745 -0.628574 -0.00253722 -2.13295 -0.00540787 0.00265485 0.999982 -0.0700287
-0.680353 0.732805 -0.0107727 -43.7583 -0.732842 -0.680398 -0.000709466 -2.22207 -0.00784965 0.00741203 0.999942 -0.0653205
-0.722259 0.691611 -0.00406588 -43.6748 -0.691616 -0.722216 0.00845475 -2.33246 0.00291095 0.00891856 0.999956 -0.0615336
-0.770391 0.637571 -0.000400881 -43.6191 -0.637549 -0.77036 0.00877213 -2.43428 0.00528403 0.00701355 0.999961 -0.0563957
-0.821961 0.569542 0.00145643 -43.5404 -0.569543 -0.821962 -0.000157969 -2.58586 0.00110716 -0.000959344 0.999999 -0.0617305
-0.86391 0.503517 -0.0114164 -43.5336 -0.503521 -0.863979 -0.00272813 -2.65744 -0.0112372 0.00339154 0.999931 -0.0542603
-0.893255 0.449351 -0.0133777 -43.5262 -0.449419 -0.893318 0.00241929 -2.72672 -0.0108635 0.00817326 0.999908 -0.0587169
-0.896943 0.442131 0.00353154 -43.2929 -0.442111 -0.896945 0.00529643 -3.18899 0.00550932 0.00318926 0.99998 -0.0618747
-0.899851 0.436021 0.0123953 -43.0624 -0.435985 -0.899936 0.00562913 -3.6581 0.0136094 -0.000338789 0.999907 -0.0594791
-0.886596 0.462336 -0.0138645 -42.8269 -0.462297 -0.886704 -0.00608219 -4.11891 -0.0151058 0.0010171 0.999885 -0.054553
-0.86541 0.500683 -0.0195674 -42.7604 -0.500768 -0.865581 -0.000639021 -4.20714 -0.0172571 0.00924572 0.999808 -0.0512106
-0.845483 0.534002 0.000933811 -42.5161 -0.533984 -0.845467 0.00684688 -4.57381 0.00444575 0.00529028 0.999976 -0.0538007
-0.814419 0.580257 0.00492524 -42.3783 -0.580248 -0.814433 0.0031526 -4.74939 0.0058406 -0.000290325 0.999983 -0.0553038
-0.773979 0.633207 -0.00215026 -42.2972 -0.633209 -0.773981 -0.000177712 -4.83153 -0.00177679 0.00122402 0.999998 -0.05025
-0.706966 0.707228 0.00523655 -42.2006 -0.707184 -0.706982 0.00822871 -4.88438 0.00952173 0.00211421 0.999952 -0.0496213
-0.65934 0.751842 0.00232968 -42.1387 -0.751767 -0.659312 0.0124149 -4.90012 0.01087 0.00643427 0.99992 -0.0544423
-0.601754 0.798678 -0.00225509 -42.0682 -0.798677 -0.60174 0.00479449 -4.92676 0.00247228 0.00468619 0.999986 -0.0525271
-0.542003 0.840371 0.00306388 -42.0029 -0.840367 -0.542011 0.0026049 -4.93354 0.00384974 -0.00116292 0.999992 -0.0555466
-0.473073 0.881018 0.00293068 -41.9467 -0.88092 -0.473066 0.0137058 -4.92217 0.0134615 0.00390214 0.999902 -0.0492811
-0.409563 0.912281 -0.00115742 -41.861 -0.912227 -0.409524 0.0115257 -4.92641 0.0100407 0.00577635 0.999933 -0.0566702
-0.349149 0.937065 -0.00191004 -41.7906 -0.93706 -0.349154 -0.0032478 -4.9363 -0.0037103 0.000655856 0.999993 -0.0537371
-0.286604 0.958049 -7.78653e-05 -41.7271 -0.958047 -0.286603 -0.00197024 -4.93288 -0.00190991 -0.00049008 0.999998 -0.0538153
-0.190436 0.981699 0.000861834 -41.6565 -0.981658 -0.190436 0.00900843 -4.90638 0.00900769 0.000869501 0.999959 -0.0518231
-0.130246 0.991476 -0.0033125 -41.5837 -0.991404 -0.130193 0.0129275 -4.88912 0.0123861 0.00496778 0.999911 -0.0576909
-0.120816 0.992671 -0.00263713 -41.0681 -0.992641 -0.120789 0.00865023 -4.95224 0.0082683 0.0036628 0.999959 -0.0534598
-0.0817758 0.996639 0.00490904 -40.6861 -0.996474 -0.0816676 -0.0192264 -4.99277 -0.0187609 -0.00646399 0.999803 -0.052171
-0.047781 0.998849 0.00422128 -40.3117 -0.998856 -0.0477891 0.00183613 -4.99163 0.00203575 -0.00412872 0.999989 -0.0513008
-0.0583901 0.998287 0.00362026 -39.7528 -0.997955 -0.0584643 0.0258376 -5.02686 0.026005 -0.0021042 0.99966 -0.0493001
-0.055609 0.998451 0.00194134 -39.2481 -0.998189 -0.0556389 0.0228615 -5.05655 0.0229341 -0.000666523 0.999737 -0.0497584
-0.0552004 0.998455 -0.00636268 -38.708 -0.998353 -0.0550926 0.0160285 -5.08903 0.0156532 0.00723698 0.999851 -0.045317
-0.0546623 0.998475 -0.00769211 -38.1894 -0.998439 -0.0545688 0.0118778 -5.12388 0.01144 0.00832937 0.9999 -0.0406637
-0.0498834 0.998737 -0.00595897 -37.6773 -0.998656 -0.0497937 0.0143556 -5.14926 0.0140407 0.00666707 0.999879 -0.0380385
-0.0448379 0.998993 -0.00162433 -37.135 -0.99886 -0.0448052 0.0164559 -5.1704 0.0163666 0.00236033 0.999863 -0.0372191
-0.0397835 0.999191 -0.00581786 -36.6059 -0.999009 -0.0396584 0.0202221 -5.19451 0.0199751 0.0066166 0.999779 -0.0352721
-0.0390737 0.999184 -0.0102146 -36.0829 -0.999073 -0.0388803 0.0184963 -5.21933 0.0180841 0.0109279 0.999777 -0.0319242
-0.0344707 0.999371 -0.00838876 -35.5619 -0.99927 -0.0343263 0.0167872 -5.23715 0.0164886 0.0089613 0.999824 -0.0266284
-0.0272293 0.999555 -0.0122194 -35.1232 -0.999462 -0.0269989 0.018646 -5.25109 0.0183078 0.0127205 0.999751 -0.0235141
-0.0335066 0.999405 -0.0081692 -34.79 -0.999345 -0.0333908 0.013927 -5.26586 0.0136459 0.00863049 0.99987 -0.0237465
-0.0292539 0.99943 -0.0168525 -34.2884 -0.999546 -0.0291279 0.00767504 -5.28413 0.00717978 0.0170693 0.999829 -0.0205482
-0.0381935 0.999076 -0.0197183 -33.7738 -0.998895 -0.0376307 0.0281621 -5.30405 0.027394 0.0207721 0.999409 -0.0113241
-0.0374098 0.999108 -0.0196112 -33.2641 -0.999003 -0.036913 0.0251087 -5.3254 0.0243624 0.020531 0.999492 -0.0046747
-0.0317498 0.999482 -0.00533883 -32.7488 -0.999441 -0.0316918 0.0106169 -5.34542 0.0104422 0.00567293 0.999929 -0.00517452
-0.0368093 0.999313 -0.00426629 -32.2432 -0.999297 -0.0367775 0.00730398 -5.36338 0.00714206 0.00453214 0.999964 -0.00338868
-0.0325169 0.999429 -0.00917294 -31.7277 -0.999426 -0.0324264 0.00983944 -5.38263 0.00953638 0.00948762 0.99991 -0.0014293
-0.0338512 0.999353 -0.0121763 -31.2238 -0.999284 -0.0336375 0.0173481 -5.40221 0.0169273 0.0127549 0.999775 -0.0012186
-0.0338936 0.999364 -0.0110516 -30.7185 -0.999223 -0.033662 0.0205086 -5.41942 0.0201235 0.0117381 0.999729 0.00372162
-0.0374287 0.99921 -0.0133794 -30.2118 -0.998908 -0.0370361 0.0284817 -5.442 0.0279637 0.0144308 0.999505 0.00726163
-0.0346412 0.99938 -0.0062609 -29.7048 -0.999024 -0.0344556 0.0276513 -5.4583 0.0274185 0.00721266 0.999598 0.00852981
-0.0351118 0.999324 -0.0108595 -29.1778 -0.999078 -0.0348306 0.0250852 -5.47831 0.02469 0.0117303 0.999626 0.0147242
-0.000183451 0.999907 -0.0136469 -28.839 -0.999998 -0.000207803 -0.00178306 -5.48015 -0.00178573 0.0136465 0.999905 0.0157534
7.37342e-05 0.999893 -0.0146255 -28.3241 -0.99983 0.000343544 0.0184462 -5.48144 0.0184492 0.0146217 0.999723 0.0184479
0.00798435 0.999932 -0.00849696 -27.8105 -0.999443 0.00825516 0.0323284 -5.47327 0.0323963 0.00823411 0.999441 0.0189918
0.0118845 0.999854 -0.0123172 -27.297 -0.999271 0.0123226 0.0361233 -5.46839 0.0362698 0.0118789 0.999271 0.0219325
0.0164078 0.999715 -0.017331 -26.7579 -0.99924 0.0170082 0.0350867 -5.46061 0.0353715 0.0167421 0.999234 0.0268704
0.0178569 0.999734 -0.0145818 -26.2449 -0.999346 0.0183046 0.0311734 -5.45214 0.031432 0.0140156 0.999408 0.0319468
0.0194298 0.999748 -0.0112787 -25.724 -0.999446 0.0197263 0.0267974 -5.44772 0.0270131 0.0107518 0.999577 0.0358095
0.0190349 0.99974 -0.0125244 -25.2226 -0.999532 0.0193278 0.0237016 -5.44322 0.0239376 0.0120674 0.999641 0.0414575
0.0210689 0.999741 -0.00857907 -24.7075 -0.999466 0.021276 0.0248055 -5.4376 0.0249816 0.00805186 0.999655 0.0431609
0.0870538 0.99613 -0.012084 -24.5033 -0.995925 0.0873097 0.0225767 -5.40227 0.0235444 0.0100694 0.999672 0.0480383
0.164711 0.98632 -0.00652921 -24.385 -0.985823 0.164835 0.031359 -5.35236 0.0320063 0.00127148 0.999487 0.0437865
0.25712 0.966356 -0.00673831 -24.3018 -0.9658 0.257201 0.0328272 -5.29515 0.0334559 -0.00193265 0.999438 0.0424269
0.330683 0.943678 -0.0109576 -24.2567 -0.943065 0.330863 0.0340199 -5.24745 0.0357293 -0.000916046 0.999361 0.0335106
0.391923 0.919869 -0.0154393 -24.1935 -0.919423 0.392216 0.0287635 -5.18846 0.0325142 0.00292218 0.999467 0.0336288
0.483652 0.875187 -0.0113747 -24.1376 -0.874962 0.483785 0.0198164 -5.1247 0.022846 0.000368228 0.999739 0.0396279
0.552861 0.83318 -0.0124852 -24.1003 -0.83273 0.55298 0.0278223 -5.06381 0.030085 -0.0049851 0.999535 0.031163
0.602149 0.798179 -0.018094 -24.069 -0.797857 0.60242 0.0226917 -5.00699 0.0290122 0.000772639 0.999579 0.036243
0.687569 0.726003 -0.0129789 -24.0154 -0.725614 0.687648 0.0250077 -4.90553 0.0270806 -0.00777686 0.999603 0.0329729
0.723174 0.690268 -0.023428 -23.9778 -0.689551 0.723518 0.0322677 -4.82545 0.039224 -0.00718038 0.999205 0.0309434
0.743168 0.668996 -0.0120445 -23.6337 -0.668844 0.743261 0.014518 -4.44631 0.0186646 -0.0027334 0.999822 0.0295336
0.790434 0.61252 -0.00575697 -23.6026 -0.612434 0.790433 0.0118163 -4.36845 0.0117882 -0.00581427 0.999914 0.0315622
0.821847 0.569478 -0.0161974 -23.5531 -0.569061 0.821937 0.0242807 -4.26075 0.0271406 -0.0107377 0.999574 0.026892
0.848731 0.528395 -0.0213129 -23.5008 -0.52813 0.848992 0.0170459 -4.12864 0.0271014 -0.00321141 0.999628 0.0244554
0.897626 0.440475 -0.015786 -23.4898 -0.440307 0.897752 0.0130953 -4.03509 0.01994 -0.004804 0.99979 0.0256612
0.916709 0.398502 -0.0290082 -23.4891 -0.398199 0.917163 0.0158077 -3.9264 0.0329047 -0.00294003 0.999454 0.0154472
0.940403 0.339795 0.0134372 -23.424 -0.339976 0.940316 0.0148881 -3.76529 -0.00757628 -0.0185691 0.999799 0.00988933
0.965175 0.261194 0.0146575 -23.4378 -0.26141 0.965104 0.0154795 -3.70063 -0.0101029 -0.0187721 0.999773 0.0120988
0.975188 0.220997 -0.0129513 -23.4211 -0.220759 0.975169 0.0176508 -3.55842 0.0165305 -0.0143537 0.99976 0.00707715
0.978721 0.204132 -0.02086 -23.3177 -0.203692 0.978801 0.0214157 -3.04919 0.0247894 -0.016711 0.999553 -0.00286775
0.978194 0.205951 -0.0268496 -23.2062 -0.205516 0.978487 0.018072 -2.55656 0.029994 -0.0121599 0.999476 -0.00924923
0.96486 0.26091 -0.0311629 -23.1121 -0.260569 0.965345 0.014612 -2.24138 0.0338954 -0.00597839 0.999408 -0.0111228
0.945097 0.325605 -0.0277986 -23.0687 -0.325295 0.945491 0.0151747 -2.17683 0.0312243 -0.00529884 0.999498 -0.00744738
0.917803 0.396408 -0.0223195 -23.0121 -0.396163 0.918063 0.0146994 -2.11342 0.0263177 -0.00464897 0.999643 -0.00806236
0.890702 0.454319 -0.0156172 -22.9588 -0.454053 0.890795 0.017909 -2.06073 0.0220481 -0.00886059 0.999718 -0.00819223
0.841856 0.539701 -0.00138177 -22.8879 -0.539653 0.84181 0.0114328 -2.01189 0.00733348 -0.0088791 0.999934 -0.00454215
0.800495 0.599306 -0.00634473 -22.8221 -0.599228 0.800505 0.0108733 -1.98208 0.0115954 -0.00490211 0.999921 -0.00831877
0.764693 0.644231 -0.0145167 -22.7675 -0.643977 0.764814 0.0187593 -1.93498 0.0231879 -0.00499669 0.999719 -0.00931902
0.699395 0.714559 -0.0158784 -22.707 -0.714265 0.699568 0.0207292 -1.90832 0.0259203 -0.00315649 0.999659 -0.00253001
0.63288 0.774182 -0.010262 -22.6408 -0.773957 0.63295 0.0191105 -1.90082 0.0212903 -0.00415227 0.999765 -0.00735176
0.52469 0.851262 -0.00733719 -22.544 -0.85123 0.524736 0.00767576 -1.89625 0.0103842 0.00221825 0.999944 -0.00343518
0.476155 0.879219 -0.0158474 -22.5009 -0.879063 0.476385 0.0174622 -1.88575 0.0229026 0.00561615 0.999722 0.000488828
0.419188 0.907874 -0.00688443 -22.4485 -0.907732 0.419244 0.0160185 -1.88325 0.017429 -0.000465522 0.999848 -0.00529498
0.324849 0.945741 -0.00686435 -22.3835 -0.94562 0.324918 0.0152189 -1.89668 0.0166235 0.00154721 0.999861 0.0023753
0.235559 0.971815 -0.00933215 -22.317 -0.971715 0.235679 0.0150002 -1.91422 0.0167768 0.00553477 0.999844 -0.000616924
0.176715 0.984203 -0.0107522 -22.2648 -0.984104 0.176871 0.0159753 -1.93052 0.0176247 0.00775819 0.999815 0.00343986
0.0999165 0.994933 -0.0112168 -22.1961 -0.994759 0.100132 0.0206722 -1.95467 0.0216906 0.00909256 0.999723 0.00355038
0.0535662 0.99852 -0.00935817 -21.696 -0.998437 0.0537064 0.0154345 -1.93834 0.0159142 0.00851678 0.999837 0.0029916
0.0368822 0.999295 -0.00703476 -21.1825 -0.9992 0.0369857 0.0151967 -1.92312 0.0154462 0.00646865 0.99986 0.00338091
0.0295528 0.999532 -0.00791187 -20.6769 -0.999465 0.0296598 0.0137721 -1.90631 0.0140004 0.00750063 0.999874 0.0067314
0.0263199 0.999612 -0.00915472 -20.1517 -0.999495 0.0264776 0.0175608 -1.89482 0.0177964 0.0086879 0.999804 0.00797233
0.0155995 0.999805 -0.0120939 -19.6378 -0.999644 0.0158568 0.0214799 -1.88896 0.0216675 0.0117546 0.999696 0.0142201
0.0106396 0.999888 -0.0105362 -19.1375 -0.999621 0.010903 0.0252687 -1.89012 0.0253807 0.0102633 0.999625 0.0163373
0.00722949 0.999954 -0.00626506 -18.6169 -0.9997 0.00737396 0.023352 -1.89404 0.0233971 0.00609436 0.999708 0.0154934
-0.000319429 0.999939 -0.0110278 -18.1056 -0.999718 -5.75299e-05 0.0237411 -1.89873 0.023739 0.0110323 0.999657 0.0228204
-0.00562285 0.999936 -0.00979343 -17.5849 -0.999649 -0.00536699 0.0259592 -1.91238 0.025905 0.00993595 0.999615 0.0236695
-0.0124498 0.999853 -0.0117862 -17.0748 -0.999596 -0.0121437 0.0256972 -1.92296 0.0255503 0.0121014 0.9996 0.0266302
-0.0214835 0.999673 -0.0138664 -16.5334 -0.999353 -0.0210726 0.0291313 -1.92813 0.0288296 0.0144833 0.999479 0.0326785
-0.0228212 0.999654 -0.0131114 -16.0278 -0.999246 -0.0223961 0.0317083 -1.94362 0.0314037 0.0138251 0.999411 0.0347122
-0.0265144 0.999596 -0.0102386 -15.5188 -0.999125 -0.0261676 0.0326334 -1.95585 0.0323523 0.0110949 0.999415 0.0366478
-0.0348306 0.999348 -0.0095412 -15.0077 -0.999034 -0.0345606 0.027136 -1.97435 0.0267886 0.0104771 0.999586 0.0399705
-0.0387631 0.999238 -0.00460165 -14.5006 -0.998972 -0.0386437 0.0237005 -1.99519 0.0235046 0.00551562 0.999709 0.0397949
-0.0441712 0.999006 -0.00606534 -13.9835 -0.99873 -0.0440102 0.024517 -2.01441 0.0242257 0.00714058 0.999681 0.0398066
-0.0531241 0.998528 -0.0109445 -13.4591 -0.998205 -0.0527972 0.0282628 -2.04358 0.0276433 0.0124263 0.999541 0.0423459
-0.0577157 0.998297 -0.00850194 -12.9576 -0.99789 -0.0574343 0.0302812 -2.07065 0.0297413 0.0102317 0.999505 0.0434819
-0.06363 0.997945 -0.00756424 -12.4484 -0.997629 -0.0634069 0.0267724 -2.10582 0.0262377 0.00924983 0.999613 0.0458625
-0.0177892 0.999799 -0.00926099 -11.9405 -0.999203 -0.017446 0.0359069 -2.11703 0.0357381 0.00989236 0.999312 0.0515153
-0.00402246 0.99987 -0.0156457 -11.4095 -0.999565 -0.00356328 0.0292663 -2.12275 0.0292067 0.0157567 0.999449 0.0538171
-0.00112717 0.999919 -0.0126682 -10.9017 -0.99969 -0.000811649 0.0248843 -2.12774 0.024872 0.0126923 0.99961 0.0511432
0.00207396 0.999943 -0.0104366 -10.3414 -0.999691 0.00233174 0.0247491 -2.1292 0.024772 0.010382 0.999639 0.0562443
0.00330244 0.999978 -0.00567682 -9.83531 -0.999413 0.00349411 0.0340923 -2.11978 0.0341114 0.00556089 0.999403 0.0580891
0.00490567 0.999978 -0.00444229 -9.31206 -0.999366 0.00505925 0.0352482 -2.11765 0.0352699 0.00426656 0.999369 0.0621748
0.00636977 0.99998 8.4826e-05 -8.75589 -0.999567 0.0063647 0.0287173 -2.11673 0.0287162 -0.000267712 0.999588 0.0573954
0.00734088 0.999973 -0.000880296 -8.25579 -0.999503 0.00736441 0.0306555 -2.11135 0.0306612 0.00065482 0.99953 0.063676
0.00865295 0.999939 -0.00680319 -7.74916 -0.999632 0.00882481 0.0256508 -2.10765 0.0257093 0.00657873 0.999648 0.0629321
0.0111591 0.999888 -0.0099909 -7.24072 -0.99965 0.011395 0.0238681 -2.10723 0.0239792 0.00972105 0.999665 0.060425
0.011856 0.999834 -0.0138694 -6.69562 -0.999605 0.0122043 0.0253019 -2.10612 0.025467 0.0135639 0.999584 0.0601857
0.0134013 0.999869 -0.00902673 -6.17919 -0.999613 0.013617 0.0242653 -2.10136 0.0243851 0.00869805 0.999665 0.060074
0.0118224 0.999913 -0.00590572 -5.65668 -0.999707 0.0119444 0.0210689 -2.10063 0.0211376 0.0056549 0.999761 0.0605576
0.0110468 0.999926 -0.00503807 -5.11173 -0.99973 0.0111474 0.0203918 -2.093 0.0204465 0.00481144 0.999779 0.0602547
0.0127998 0.999898 -0.00636741 -4.58864 -0.999647 0.0129443 0.0231908 -2.09046 0.0232709 0.00606833 0.999711 0.0611143
0.0111512 0.999874 -0.0112825 -4.06599 -0.999554 0.011459 0.0275946 -2.08474 0.0277204 0.0109697 0.999556 0.0623237
0.00721144 0.999958 -0.00556818 -3.54697 -0.999531 0.00737389 0.0297272 -2.07959 0.0297671 0.00535119 0.999543 0.0594242
0.00715477 0.999952 -0.0066197 -3.04667 -0.999535 0.00734767 0.0295906 -2.0784 0.0296379 0.00640491 0.99954 0.0607996
0.00633103 0.999941 -0.00880371 -2.53607 -0.999595 0.00657275 0.0277049 -2.07862 0.0277611 0.00862474 0.999577 0.0614485
0.00488564 0.999972 -0.00569114 -2.01711 -0.999725 0.00501482 0.0229089 -2.06843 0.0229368 0.00557765 0.999721 0.0610871
0.0332768 0.999433 -0.00513634 -1.57698 -0.999432 0.033248 -0.00558268 -2.06616 -0.00540874 0.00531919 0.999971 0.059269
0.0892643 0.996005 -0.00245321 -1.42131 -0.995996 0.089275 0.00469751 -2.03561 0.00489775 0.00202407 0.999986 0.0580123
0.140127 0.990133 -0.000940855 -1.24891 -0.98993 0.140118 0.0201621 -1.99131 0.020095 -0.00189388 0.999796 0.0526985
0.147509 0.989038 -0.00670959 -0.752241 -0.988253 0.14766 0.0393935 -1.91123 0.0399524 0.00081986 0.999201 0.0478036
0.130947 0.991389 0.000893335 -0.606501 -0.99087 0.130849 0.0324724 -1.90248 0.0320759 -0.00513733 0.999472 0.054031
