0.999996 5.18234e-05 -0.00281237 -0.00039093 -6.02757e-06 0.999867 0.0162813 -0.000194879 0.00281284 -0.0162812 0.999863 -6.92083e-05
0.999964 0.000608393 -0.00847137 0.00868805 -0.000538995 0.999966 0.00819194 0.488052 0.00847607 -0.00818708 0.999931 0.00448999
0.999998 0.00174599 0.000794217 0.00851083 -0.00175511 0.999931 0.0116303 0.991974 -0.000773855 -0.0116317 0.999932 -0.0154532
0.999867 0.00316543 -0.0160101 0.0138844 -0.00291885 0.999877 0.0154017 1.50122 0.0160569 -0.015353 0.999753 -0.0270778
0.999943 -0.00172428 -0.0105636 0.0108059 0.00184317 0.999935 0.0112554 2.00485 0.0105435 -0.0112743 0.999881 -0.0330667
0.99998 -0.00270365 -0.00579138 0.00962909 0.00275027 0.999964 0.00805754 2.53226 0.00576938 -0.0080733 0.999951 -0.0464279
0.999999 0.00048874 -0.00132974 0.0155547 -0.000475937 0.999954 0.00961184 3.03214 0.00133438 -0.0096112 0.999953 -0.0566909
0.999977 0.00402332 -0.00549009 0.0228479 -0.00395426 0.999914 0.012532 3.53989 0.00554004 -0.01251 0.999906 -0.0666249
0.999945 0.00634456 -0.00834241 0.0287106 -0.0062264 0.999881 0.0141141 4.05178 0.00843097 -0.0140614 0.999866 -0.075957
0.999892 0.0100834 -0.0106821 0.0378352 -0.00990632 0.999815 0.0164986 4.55412 0.0108465 -0.016391 0.999807 -0.0869824
0.999866 0.0130035 -0.00992946 0.0467937 -0.0129734 0.999911 0.00308738 5.06532 0.00996872 -0.00295815 0.999946 -0.0951335
0.999828 0.0167317 -0.00802664 0.0617669 -0.0166548 0.999816 0.00955971 5.57296 0.00818511 -0.00942439 0.999922 -0.108264
0.999831 0.0183657 -0.00126208 0.0701107 -0.0183459 0.99973 0.0142358 6.0782 0.00152319 -0.0142103 0.999898 -0.117745
0.999778 0.02007 -0.00645441 0.0786032 -0.0199645 0.999672 0.0160223 6.59204 0.00677387 -0.0158899 0.999851 -0.127842
0.999665 0.0198785 -0.0165829 0.0864933 -0.0196831 0.999736 0.0118598 7.09715 0.0168142 -0.0115295 0.999792 -0.138129
0.999654 0.021789 -0.014734 0.105033 -0.02172 0.999752 0.00482958 7.62596 0.0148356 -0.00450788 0.99988 -0.150409
0.999842 0.0177176 0.00108717 0.118778 -0.0177313 0.999742 0.0142168 8.15886 -0.000834999 -0.0142338 0.999898 -0.1626
0.999831 0.0181703 0.00267196 0.129256 -0.0182163 0.999666 0.0183569 8.66576 -0.00233751 -0.0184025 0.999828 -0.170777
0.999853 0.0130716 -0.0111056 0.136469 -0.0129018 0.999801 0.0152255 9.16877 0.0113024 -0.01508 0.999822 -0.180299
0.999635 0.0195599 -0.0186462 0.147287 -0.0193556 0.999751 0.0110771 9.67406 0.0188582 -0.0107121 0.999765 -0.190818
0.99987 0.0153428 -0.00489744 0.161342 -0.0152787 0.9998 0.0128673 10.2017 0.00509388 -0.0127908 0.999905 -0.205741
0.999836 0.0180983 -0.000678609 0.174183 -0.0180877 0.999748 0.0132645 10.7105 0.000918501 -0.01325 0.999912 -0.218578
0.999859 0.016631 0.00229625 0.185153 -0.0166583 0.999784 0.0124449 11.2119 -0.00208879 -0.0124814 0.99992 -0.229199
0.999781 0.0187572 -0.00927341 0.198808 -0.0185839 0.999657 0.0184355 11.727 0.00961603 -0.0182591 0.999787 -0.241084
0.999561 0.0194098 -0.0223919 0.208957 -0.0190673 0.999699 0.0154072 12.2347 0.0226843 -0.0149735 0.999631 -0.252238
0.999551 0.0193786 -0.0228623 0.218455 -0.019233 0.999793 0.00657209 12.7536 0.0229849 -0.00612943 0.999717 -0.261849
0.999684 0.0249425 -0.00299897 0.239384 -0.0249253 0.999673 0.0056565 13.2678 0.00313908 -0.00557996 0.99998 -0.269315
0.999765 0.0215879 0.00176593 0.252443 -0.0216032 0.999725 0.00915801 13.7747 -0.00156774 -0.00919401 0.999957 -0.284791
0.998951 0.0349185 -0.029612 0.25881 -0.0343341 0.99921 0.0200201 14.155 0.0302876 -0.0189824 0.999361 -0.292414
0.999135 0.0336295 -0.0244808 0.279217 -0.033239 0.999316 0.0161846 14.7099 0.0250083 -0.0153569 0.999569 -0.3029
0.999306 0.0352199 -0.0121454 0.305298 -0.0351668 0.999371 0.00456166 15.2097 0.0122984 -0.00413138 0.999916 -0.309226
0.999267 0.036331 -0.012082 0.324975 -0.0362641 0.999326 0.00571418 15.7185 0.0122815 -0.00527185 0.999911 -0.318825
0.999152 0.0402648 -0.00855052 0.351783 -0.0401664 0.999128 0.0113735 16.254 0.00900102 -0.0110205 0.999899 -0.332757
0.999101 0.0417853 -0.00721733 0.373594 -0.0416536 0.998978 0.0175354 16.7738 0.00794268 -0.017219 0.99982 -0.343779
0.999041 0.0424538 -0.010729 0.398649 -0.042228 0.998898 0.0204636 17.2849 0.0115859 -0.0199909 0.999733 -0.355026
0.99894 0.0439085 -0.0138131 0.423051 -0.0436841 0.998915 0.0161543 17.7988 0.0145075 -0.0155338 0.999774 -0.36275
0.998776 0.0451813 -0.0201504 0.447028 -0.044949 0.998919 0.0118372 18.3241 0.0206635 -0.010917 0.999727 -0.368789
0.998571 0.0466286 -0.0261265 0.472436 -0.0464533 0.998894 0.00727885 18.8347 0.026437 -0.00605478 0.999632 -0.375564
0.998508 0.048469 -0.0251535 0.499719 -0.0482933 0.998805 0.00754767 19.3514 0.0254893 -0.00632166 0.999655 -0.384732
0.998369 0.0509021 -0.0258626 0.525684 -0.050729 0.998686 0.00730609 19.8508 0.0262006 -0.00598219 0.999639 -0.393874
0.998441 0.0537144 -0.0151747 0.560088 -0.0535731 0.998518 0.00957151 20.3612 0.0156663 -0.00874363 0.999839 -0.401853
0.998434 0.0545188 -0.0125068 0.595109 -0.0543899 0.998465 0.0104257 20.884 0.0130561 -0.00972914 0.999867 -0.409804
0.998427 0.0550574 -0.0105886 0.624685 -0.0549266 0.998415 0.0122769 21.3998 0.0112477 -0.011676 0.999869 -0.417328
0.998296 0.0571172 -0.0119874 0.654552 -0.0569828 0.998312 0.0112725 21.9009 0.012611 -0.0105702 0.999865 -0.42572
0.998175 0.0572304 -0.0192587 0.683562 -0.0570424 0.99832 0.0101755 22.4389 0.0198086 -0.00905834 0.999763 -0.436013
0.997782 0.0610692 -0.0264696 0.714742 -0.0607729 0.998081 0.0118589 22.947 0.027143 -0.0102239 0.999579 -0.446108
0.997592 0.0626301 -0.0297933 0.751475 -0.0622659 0.997975 0.0129992 23.4513 0.0305471 -0.0111128 0.999472 -0.456541
0.997545 0.0624121 -0.0317552 0.784933 -0.0621027 0.998013 0.0106383 23.9728 0.032356 -0.00864013 0.999439 -0.466059
0.997725 0.0625996 -0.0250271 0.820292 -0.062233 0.997946 0.0151688 24.4715 0.0259252 -0.0135768 0.999572 -0.473899
0.997545 0.066569 -0.0217548 0.856947 -0.0662183 0.997669 0.0164655 24.9865 0.0228002 -0.0149845 0.999628 -0.483661
0.997762 0.0645593 -0.0174199 0.891466 -0.0643656 0.997861 0.0114603 25.4944 0.0181225 -0.0103134 0.999783 -0.49033
0.997422 0.068859 -0.020192 0.92756 -0.0687495 0.997616 0.00606689 26.0025 0.0205616 -0.00466306 0.999778 -0.499167
0.997186 0.0706751 -0.0250049 0.965146 -0.0704703 0.997473 0.0089795 26.5023 0.0255763 -0.00719213 0.999647 -0.508171
0.997087 0.0698314 -0.0306687 1.00107 -0.0694745 0.997505 0.0125515 27.0072 0.0314687 -0.0103842 0.999451 -0.518878
0.996668 0.0722021 -0.0379433 1.04019 -0.0715768 0.99728 0.0175901 27.5263 0.0391101 -0.0148157 0.999125 -0.52971
0.996823 0.0726901 -0.0325548 1.08499 -0.0720986 0.997217 0.0189889 28.0463 0.0338445 -0.0165814 0.99929 -0.536278
0.996665 0.0756159 -0.0306896 1.12456 -0.0751915 0.99706 0.0147579 28.5609 0.0317153 -0.0124011 0.99942 -0.543499
0.997086 0.0746755 -0.0155778 1.17079 -0.0745894 0.997196 0.00603856 29.0734 0.015985 -0.00485903 0.99986 -0.550917
0.998054 0.0600628 -0.0167667 1.20278 -0.0599255 0.998166 0.00857338 29.5723 0.0172508 -0.00755194 0.999823 -0.560496
0.99972 0.0124568 -0.0201145 1.1889 -0.0121392 0.999801 0.015837 29.8224 0.0203078 -0.0155884 0.999672 -0.570355
0.999204 -0.0160025 -0.0365499 1.16985 0.0165886 0.999738 0.0157884 30.3377 0.0362876 -0.0163821 0.999207 -0.58212
0.998759 -0.0186239 -0.0461825 1.15584 0.0191675 0.999752 0.0113563 30.8395 0.0459596 -0.0122274 0.998868 -0.59201
0.998726 -0.0223202 -0.0452649 1.14821 0.0230843 0.999599 0.0164283 31.3551 0.0448801 -0.0174523 0.99884 -0.603564
0.998443 -0.0310921 -0.0463102 1.12971 0.0319957 0.999309 0.0189018 31.8838 0.0456905 -0.0203541 0.998748 -0.61658
0.998573 -0.0342927 -0.0409458 1.11917 0.0350416 0.999229 0.0177127 32.3957 0.0403068 -0.0191222 0.999004 -0.628406
0.998581 -0.037563 -0.037737 1.09936 0.0381847 0.999144 0.0158919 32.9197 0.0371077 -0.0173104 0.999161 -0.640649
0.998299 -0.0434887 -0.03883 1.07631 0.0440349 0.998941 0.013324 33.4615 0.0382095 -0.0150112 0.999157 -0.653814
0.998193 -0.0432471 -0.0417134 1.05474 0.0437974 0.998964 0.0123704 33.9653 0.0411352 -0.0141749 0.999053 -0.662829
0.998055 -0.0467558 -0.0412302 1.0366 0.0473455 0.998788 0.0134436 34.4683 0.0405516 -0.0153695 0.999059 -0.67488
0.997737 -0.052095 -0.0424998 1.00903 0.0525668 0.998567 0.0100603 34.9787 0.0419148 -0.0122717 0.999046 -0.68679
0.998709 -0.0264583 -0.0433692 1.00687 0.0269638 0.999575 0.0111139 35.4908 0.0430567 -0.012269 0.998997 -0.698433
0.999191 -0.0245022 -0.0318773 1.00539 0.0249194 0.999608 0.0127556 36.0097 0.0315522 -0.0135397 0.99941 -0.716484
0.999264 -0.0273265 -0.0269202 0.989787 0.0277768 0.999478 0.0164983 36.5101 0.0264553 -0.0172339 0.999501 -0.732535
0.999241 -0.0286065 -0.0264289 0.97912 0.0290611 0.999433 0.0169803 37.0397 0.0259282 -0.0177355 0.999506 -0.744971
0.999214 -0.0275604 -0.0285081 0.962345 0.0280368 0.999472 0.0164503 37.5449 0.0280396 -0.0172367 0.999458 -0.756181
0.998981 -0.0301749 -0.0335697 0.951288 0.0305638 0.999471 0.0111354 38.0654 0.0332159 -0.0121501 0.999374 -0.766769
0.998806 -0.02982 -0.0387039 0.939133 0.030271 0.99948 0.0111176 38.5737 0.0383522 -0.0122759 0.999189 -0.775821
0.998743 -0.0304307 -0.0398286 0.926722 0.0308318 0.999479 0.0094967 39.1032 0.0395189 -0.0107127 0.999161 -0.788637
0.998655 0.0069638 -0.0513803 0.936916 -0.00590889 0.999769 0.0206547 39.2659 0.0515123 -0.0203234 0.998466 -0.789238
0.997174 0.0653102 -0.0371333 0.957995 -0.0648676 0.997809 0.0130025 39.2445 0.0379011 -0.010557 0.999226 -0.788331
0.992158 0.118429 -0.0399547 0.981452 -0.117818 0.992884 0.0173288 39.2182 0.0417226 -0.0124855 0.999051 -0.791853
0.985169 0.167526 -0.0371143 0.999885 -0.167017 0.985817 0.0164447 39.1947 0.0393428 -0.0100021 0.999176 -0.792574
0.966221 0.2569 -0.020462 1.02638 -0.256686 0.966414 0.0124996 39.1746 0.0229859 -0.0068251 0.999712 -0.799094
0.949901 0.311178 -0.0292837 1.0367 -0.310956 0.950349 0.0119562 39.1544 0.0315502 -0.00225125 0.9995 -0.799412
0.933181 0.35683 -0.0429528 1.05014 -0.356188 0.934154 0.0220419 39.1386 0.0479897 -0.00526981 0.998834 -0.801747
0.906447 0.420894 -0.034668 1.07284 -0.420323 0.90709 0.0227437 39.1139 0.0410197 -0.00604421 0.99914 -0.802314
0.868999 0.49415 -0.0256313 1.09331 -0.493887 0.869376 0.0161618 39.1011 0.0302695 -0.00138561 0.999541 -0.795536
0.83359 0.551622 -0.0289888 1.11486 -0.551355 0.834092 0.0172543 39.0818 0.0336972 0.00160013 0.999431 -0.832701
0.805917 0.590493 -0.0426216 1.11416 -0.589708 0.807043 0.0304487 39.06 0.0523772 0.000595217 0.998627 -0.803133
0.767149 0.640545 -0.0344145 1.12906 -0.639772 0.767918 0.0315351 39.0344 0.0466271 -0.00217473 0.99891 -0.810326
0.724538 0.688493 -0.0319571 1.13937 -0.687882 0.725242 0.0290073 39.0179 0.0431479 0.000965834 0.999068 -0.804102
0.671779 0.740172 -0.0293098 1.15847 -0.73991 0.672376 0.0210644 38.9972 0.0352985 0.00753601 0.999348 -0.801053
0.628114 0.777316 -0.0353988 1.14638 -0.777051 0.628986 0.0238431 38.9902 0.040799 0.0125306 0.999089 -0.804177
0.574585 0.817402 -0.0413162 1.14637 -0.816867 0.575879 0.0330432 38.961 0.0508028 0.0147637 0.9986 -0.800708
0.497738 0.866563 -0.0364101 1.15675 -0.866366 0.498724 0.0261552 38.9346 0.0408237 0.0185261 0.998995 -0.796822
0.424278 0.904825 -0.0357851 1.16738 -0.9049 0.425127 0.0205804 38.9146 0.0338349 0.0236502 0.999148 -0.796059
0.364991 0.93023 -0.0381205 1.17282 -0.930446 0.365891 0.019877 38.8961 0.0324381 0.0282141 0.999075 -0.792561
0.318302 0.947131 -0.0403315 1.16722 -0.946815 0.319737 0.0361899 38.8796 0.0471721 0.0266671 0.998531 -0.794349
0.249536 0.967669 -0.0367294 1.16348 -0.967268 0.250879 0.0381159 38.8543 0.0460982 0.0260159 0.998598 -0.789692
0.161411 0.986308 -0.0337936 1.16447 -0.986472 0.162242 0.0234629 38.8288 0.0286244 0.0295493 0.999153 -0.786593
0.0882609 0.995519 -0.033948 1.15866 -0.995914 0.0888476 0.0161761 38.8091 0.0191198 0.0323816 0.999293 -0.788737
0.0211524 0.999155 -0.0352353 1.14843 -0.999314 0.0222015 0.0296522 38.7961 0.0304094 0.0345839 0.998939 -0.785496
0.0115967 0.999282 -0.0360781 1.61635 -0.999549 0.0125837 0.0272513 38.7928 0.0276857 0.0357459 0.998977 -0.771663
0.00225045 0.999699 -0.0244508 2.13809 -0.999629 0.00291265 0.0270811 38.7902 0.0271441 0.0243808 0.999334 -0.759317
0.0064668 0.999654 -0.0254961 2.64392 -0.999426 0.00730874 0.0330689 38.7934 0.0332438 0.0252677 0.999128 -0.742534
-0.00136505 0.999421 -0.0339835 3.16645 -0.999426 -0.000213035 0.0338799 38.7914 0.033853 0.0340102 0.998848 -0.724794
-0.0124726 0.999101 -0.0405263 3.68247 -0.999241 -0.010958 0.0373841 38.785 0.0369064 0.0409618 0.998479 -0.70748
-0.0586112 0.997569 -0.0377021 3.97932 -0.99762 -0.0571568 0.0385621 38.7585 0.0363134 0.0398725 0.998545 -0.696226
-0.0722273 0.996873 -0.0320639 4.50082 -0.996777 -0.0710204 0.0373045 38.7239 0.0349106 0.034655 0.998789 -0.681689
-0.048562 0.9984 -0.0289812 4.9779 -0.998725 -0.0481373 0.0151763 38.6922 0.013757 0.0296812 0.999465 -0.669784
-0.0436316 0.998537 -0.0319374 5.48909 -0.998657 -0.0426979 0.0293568 38.6715 0.0279501 0.0331754 0.999059 -0.651629
-0.0397103 0.99851 -0.0374358 6.00632 -0.998232 -0.0379852 0.0457167 38.6575 0.0442265 0.039185 0.998253 -0.634302
-0.0440388 0.998292 -0.03838 6.50698 -0.997903 -0.0421325 0.0491362 38.6344 0.0474353 0.0404634 0.998054 -0.619699
-0.0478298 0.998079 -0.0393727 7.02513 -0.997847 -0.0459732 0.0467819 38.6063 0.0448819 0.0415255 0.998129 -0.600414
-0.0499526 0.998033 -0.0378782 7.53152 -0.997817 -0.04823 0.0451044 38.5788 0.0431889 0.0400486 0.998264 -0.583305
-0.0485198 0.998283 -0.0328054 8.0594 -0.998226 -0.0473304 0.0361076 38.5509 0.0344929 0.0344991 0.998809 -0.568184
-0.0422768 0.998525 -0.0340647 8.56081 -0.998655 -0.0412094 0.0314508 38.5276 0.0300006 0.0353486 0.998925 -0.553046
-0.0495505 0.997828 -0.04341 9.064 -0.997416 -0.0471726 0.0541886 38.5075 0.0520231 0.0459829 0.997587 -0.53672
-0.0435198 0.998272 -0.0394931 9.5755 -0.997318 -0.0410823 0.0605646 38.4807 0.0588375 0.042023 0.997383 -0.520909
0.00933672 0.999514 -0.0297476 9.70819 -0.998417 0.0109685 0.0551704 38.498 0.0554699 0.0291854 0.998034 -0.519759
0.0138937 0.999221 -0.0369413 10.2313 -0.998462 0.0158471 0.0531209 38.5025 0.0536649 0.0361464 0.997905 -0.500886
0.0162202 0.998859 -0.0449252 10.7477 -0.998825 0.0182388 0.0448922 38.5063 0.0456603 0.0441443 0.997981 -0.482677
0.0194646 0.998953 -0.0414062 11.2514 -0.998936 0.0211625 0.0409703 38.513 0.0418037 0.0405647 0.998302 -0.46865
0.0267706 0.998854 -0.0396844 11.751 -0.998695 0.0284513 0.04241 38.5259 0.0434904 0.0384973 0.998312 -0.452338
0.0252952 0.99865 -0.0453645 12.2594 -0.998586 0.0273639 0.0455762 38.538 0.046756 0.0441475 0.99793 -0.434265
0.0245861 0.998929 -0.0391992 12.7777 -0.998063 0.0267685 0.0561604 38.554 0.0571495 0.0377425 0.997652 -0.41706
0.0264772 0.998891 -0.0389268 13.3042 -0.998034 0.0286275 0.0557597 38.5676 0.0568123 0.0373739 0.997685 -0.400021
0.0256696 0.998949 -0.0379785 13.8254 -0.998121 0.0277259 0.0546467 38.5809 0.0556423 0.0365044 0.997783 -0.383882
0.0327091 0.998602 -0.0415224 14.3533 -0.998175 0.034749 0.0493951 38.5968 0.0507689 0.0398309 0.997916 -0.364866
0.0310087 0.99864 -0.0419132 14.8761 -0.99813 0.0331487 0.0513648 38.615 0.0526843 0.040242 0.9978 -0.349158
0.028117 0.998801 -0.0400842 15.406 -0.998532 0.0299218 0.0451583 38.6243 0.0463035 0.0387556 0.998175 -0.335504
0.0327457 0.998601 -0.0415108 15.9157 -0.998415 0.034585 0.0443928 38.6415 0.0457663 0.0399913 0.998151 -0.31966
0.0335406 0.998597 -0.0409829 15.6439 -0.998024 0.0356449 0.0517427 38.6359 0.053131 0.0391664 0.997819 -0.32946
0.0362769 0.998301 -0.0456024 15.1229 -0.997916 0.0386245 0.0516988 38.6203 0.0533724 0.0436318 0.997621 -0.347199
0.0168173 0.998817 -0.0456344 14.5994 -0.997551 0.0198599 0.0670609 38.6022 0.0678879 0.0443948 0.996705 -0.361459
-0.0365795 0.998453 -0.0418723 14.469 -0.997497 -0.0339434 0.0620224 38.578 0.0605052 0.0440363 0.997196 -0.361088
-0.0864816 0.995542 -0.0376415 14.2772 -0.994464 -0.084001 0.0631302 38.569 0.0596868 0.0428927 0.997295 -0.367761
-0.143043 0.989088 -0.0352778 14.0879 -0.98875 -0.141238 0.0492564 38.5689 0.0437363 0.0419267 0.998163 -0.372602
-0.203984 0.978288 -0.0366494 13.9538 -0.978167 -0.202152 0.0482103 38.5713 0.0397548 0.0456833 0.998165 -0.374127
-0.260684 0.964614 -0.0395416 13.9086 -0.964871 -0.25893 0.0444962 38.5673 0.0326832 0.049752 0.998227 -0.376976
-0.312813 0.948624 -0.047541 13.8243 -0.949428 -0.310866 0.0441437 38.5832 0.0270969 0.0589455 0.997893 -0.3775
-0.366273 0.929902 -0.0335762 13.6699 -0.929401 -0.363839 0.0619289 38.6183 0.0453714 0.0538886 0.997516 -0.384738
-0.422765 0.905567 -0.0349115 13.5639 -0.905581 -0.420676 0.0543598 38.6386 0.03454 0.0545966 0.997911 -0.387477
-0.494973 0.867832 -0.0432391 13.4774 -0.868797 -0.4935 0.0406218 38.647 0.0139144 0.0576727 0.998239 -0.385443
-0.553791 0.831389 -0.0459123 13.4112 -0.832526 -0.551888 0.04817 38.6721 0.0147095 0.0648993 0.997783 -0.394505
-0.584512 0.811068 -0.0226853 13.1188 -0.810455 -0.582276 0.0641649 38.8654 0.038833 0.0558906 0.997681 -0.416904
-0.638103 0.769738 -0.018111 13.0459 -0.76901 -0.635984 0.064401 38.8965 0.0380536 0.055022 0.99776 -0.412693
-0.687371 0.725847 -0.0258457 12.9773 -0.725947 -0.685475 0.0558987 38.9312 0.0228573 0.0571858 0.998102 -0.41486
-0.726079 0.686399 -0.0408144 12.9319 -0.687605 -0.724534 0.0474229 38.9574 0.00297958 0.0624969 0.998041 -0.418688
-0.766527 0.641153 -0.0368602 12.8371 -0.6422 -0.764892 0.0501977 39.0513 0.00399034 0.0621495 0.998059 -0.42709
-0.812838 0.581736 -0.0296224 12.7474 -0.582444 -0.811087 0.0538116 39.1245 0.00727782 0.0609935 0.998112 -0.432311
-0.856506 0.514993 -0.0343445 12.6752 -0.516129 -0.854976 0.0512616 39.1962 -0.00296433 0.0616321 0.998095 -0.437284
-0.893479 0.446599 -0.0473866 12.6311 -0.44858 -0.892554 0.0460831 39.2279 -0.0217144 0.062431 0.997813 -0.438809
-0.918813 0.391392 -0.050945 12.5955 -0.393901 -0.917473 0.0555525 39.2908 -0.0249978 0.0711096 0.997155 -0.441396
-0.939179 0.342095 -0.0302305 12.5395 -0.343316 -0.937476 0.0572023 39.4202 -0.00877171 0.0641018 0.997905 -0.450269
-0.95951 0.279724 -0.033098 12.4712 -0.281251 -0.957872 0.0581258 39.5268 -0.0154445 0.0650812 0.99776 -0.45127
-0.982255 0.183102 -0.0406025 12.4074 -0.18523 -0.981044 0.0569476 39.6338 -0.0294057 0.0634579 0.997551 -0.453441
-0.992261 0.118523 -0.0370193 12.3776 -0.120573 -0.990939 0.0591842 39.6801 -0.0296692 0.0631897 0.99756 -0.46642
-0.993327 0.11264 -0.0247904 12.314 -0.113738 -0.992325 0.048534 40.18 -0.0191332 0.0510297 0.998514 -0.497808
-0.993374 0.114224 -0.0126931 12.2635 -0.114639 -0.992637 0.0391005 40.6783 -0.0081334 0.0402966 0.999155 -0.519685
-0.993472 0.113622 -0.0101795 12.2087 -0.113917 -0.992846 0.0357775 41.1936 -0.00604158 0.0367036 0.999308 -0.54027
-0.993816 0.1103 -0.0127708 12.1556 -0.110665 -0.993317 0.0327713 41.7082 -0.00907081 0.033982 0.999381 -0.562168
-0.993872 0.10953 -0.0148654 12.0992 -0.109946 -0.993458 0.0308593 42.2323 -0.0113882 0.0323046 0.999413 -0.583943
-0.993971 0.108275 -0.0172593 12.0399 -0.108806 -0.993498 0.0335242 42.746 -0.0135173 0.0352 0.999289 -0.601887
-0.993984 0.106915 -0.023769 11.9804 -0.107788 -0.993403 0.0391544 43.2758 -0.019426 0.0414809 0.99895 -0.620531
-0.993983 0.105264 -0.0303015 11.9265 -0.106681 -0.993049 0.049725 43.7759 -0.0248567 0.0526584 0.998303 -0.638716
-0.995022 0.0977962 -0.0191431 11.9288 -0.0985936 -0.994043 0.0464513 43.68 -0.0144863 0.0481075 0.998737 -0.632229
-0.995304 0.0947941 -0.0195899 11.9815 -0.0955958 -0.994397 0.0451202 43.1672 -0.015203 0.046781 0.998789 -0.61258
-0.995885 0.0879701 -0.0217746 12.0265 -0.0887678 -0.995293 0.0388777 42.6518 -0.018252 0.0406506 0.999007 -0.594739
-0.999242 0.033336 -0.0201195 12.031 -0.0340218 -0.998816 0.0347646 42.2151 -0.0189368 0.0354227 0.999193 -0.578059
-0.999453 -0.026161 -0.0202336 12.0121 0.025448 -0.999073 0.0347252 41.8373 -0.0211233 0.0341913 0.999192 -0.561709
-0.996344 -0.0810268 -0.0270645 11.9741 0.0800932 -0.996209 0.0339644 41.5691 -0.0297139 0.0316725 0.999057 -0.553305
-0.990605 -0.133728 -0.0286172 11.892 0.132752 -0.990577 0.0336751 41.0524 -0.0328509 0.0295598 0.999023 -0.540697
-0.975258 -0.217926 -0.0371601 11.8009 0.216633 -0.975593 0.0359032 40.6787 -0.0440773 0.0269648 0.998664 -0.529509
-0.960844 -0.275619 -0.0285279 11.7362 0.274551 -0.960885 0.0363655 40.5203 -0.037435 0.0271092 0.998931 -0.528518
-0.947111 -0.320491 -0.0163123 11.6846 0.319947 -0.946988 0.0291226 40.4053 -0.0247811 0.0223632 0.999443 -0.525207
-0.92767 -0.372603 -0.0243896 11.6191 0.37194 -0.92784 0.0277909 40.3032 -0.0329846 0.0167093 0.999316 -0.52433
-0.887158 -0.460234 -0.0336801 11.4591 0.459552 -0.887763 0.0262509 40.0379 -0.0419816 0.00781094 0.999088 -0.524226
-0.857411 -0.513627 -0.0321524 11.3064 0.512734 -0.857941 0.0322784 39.8417 -0.0441639 0.0111903 0.998962 -0.522061
-0.828001 -0.560012 -0.0283049 11.2007 0.559186 -0.828412 0.0323121 39.6989 -0.0415433 0.0109267 0.999077 -0.520828
-0.789759 -0.612838 -0.0266422 11.1075 0.612078 -0.79016 0.0317419 39.6109 -0.0405043 0.00876132 0.999141 -0.519367
-0.750224 -0.660563 -0.028644 11.0478 0.659483 -0.750696 0.0392091 39.5671 -0.047403 0.0105254 0.99882 -0.522251
-0.715995 -0.697859 -0.0185331 10.9038 0.697594 -0.716234 0.0192471 39.4454 -0.0267059 0.000852239 0.999643 -0.527515
-0.670778 -0.741189 -0.026358 10.7942 0.740818 -0.671286 0.0237209 39.3805 -0.0352754 -0.00361503 0.999371 -0.529868
-0.626213 -0.779329 -0.0224294 10.689 0.779195 -0.626572 0.0162228 39.318 -0.0266965 -0.00731791 0.999617 -0.530107
-0.555723 -0.830735 -0.0324119 10.5664 0.830396 -0.556536 0.0266595 39.272 -0.0401854 -0.0120994 0.999119 -0.528263
-0.505334 -0.862537 -0.0258397 10.4231 0.862199 -0.505911 0.0258336 39.2125 -0.035355 -0.00922432 0.999332 -0.535165
-0.460591 -0.887273 -0.0245686 10.2806 0.887297 -0.460989 0.0139295 39.152 -0.0236851 -0.0153838 0.999601 -0.538793
-0.397816 -0.917018 -0.0286342 10.1108 0.91713 -0.39832 0.0145949 39.1076 -0.0247894 -0.0204552 0.999483 -0.540794
-0.33678 -0.94103 -0.032278 10.0186 0.940989 -0.337587 0.0239652 39.0976 -0.0334486 -0.0223022 0.999192 -0.538251
-0.273579 -0.961411 -0.0290271 9.9134 0.961271 -0.274337 0.0264212 39.0939 -0.0333649 -0.0206746 0.999229 -0.541652
-0.223999 -0.974285 -0.0243378 9.4788 0.974453 -0.224315 0.011122 38.9927 -0.0162953 -0.0212247 0.999642 -0.550998
-0.160015 -0.986666 -0.0297403 9.34001 0.986801 -0.160652 0.0203869 38.9944 -0.0248929 -0.0260855 0.99935 -0.550477
-0.0963452 -0.994785 -0.0334626 9.16389 0.995045 -0.0970913 0.0214359 38.9952 -0.0245731 -0.0312315 0.99921 -0.558388
-0.0696311 -0.997343 -0.0213977 8.76146 0.996988 -0.0703087 0.0327408 38.9775 -0.0341583 -0.0190535 0.999235 -0.564509
-0.0468312 -0.998843 -0.0109626 8.26062 0.998354 -0.0471664 0.0326293 38.9592 -0.0331086 -0.00941645 0.999407 -0.572342
-0.00169721 -0.999885 -0.0150499 8.02443 0.999798 -0.00199801 0.0199945 38.9677 -0.0200223 -0.015013 0.999687 -0.577722
0.0103829 -0.99981 -0.0165011 7.51773 0.999624 0.00995933 0.0255498 38.9772 -0.0253806 -0.0167602 0.999537 -0.593782
-0.00880976 -0.999825 -0.0165137 7.34604 0.999561 -0.0092722 0.0281394 38.9669 -0.0282876 -0.0162585 0.999468 -0.597832
-0.0075942 -0.999946 -0.0070877 6.8354 0.999816 -0.00771758 0.0175454 38.9625 -0.0175992 -0.00695315 0.999821 -0.611875
-0.00797055 -0.999781 -0.019338 6.32353 0.999589 -0.00849841 0.0273698 38.9637 -0.0275282 -0.0191119 0.999438 -0.633167
-0.00636317 -0.999745 -0.0216611 5.80458 0.999683 -0.00688717 0.0242024 38.9614 -0.0243454 -0.0215002 0.999472 -0.649742
-0.00525378 -0.999743 -0.022039 5.2887 0.999849 -0.00561624 0.0164168 38.9597 -0.0165363 -0.0219494 0.999622 -0.665731
0.00311546 -0.999726 -0.0231866 4.78555 0.999955 0.00290711 0.00901398 38.9637 -0.00894411 -0.0232136 0.999691 -0.680048
0.00887622 -0.999735 -0.0212567 4.25819 0.999852 0.00855971 0.0149351 38.9733 -0.0147492 -0.0213861 0.999662 -0.695317
0.015529 -0.999781 -0.0140191 3.7395 0.999747 0.0152975 0.0164729 38.9819 -0.0162548 -0.0142714 0.999766 -0.707935
0.0201845 -0.999671 -0.0158339 3.22585 0.999626 0.0198862 0.0187735 38.9951 -0.0184525 -0.0162069 0.999698 -0.722493
0.0287076 -0.999398 -0.0194637 2.70315 0.999431 0.0283532 0.0182463 39.0139 -0.0176834 -0.0199764 0.999644 -0.741834
0.0256103 -0.99953 -0.0168684 2.20257 0.999457 0.0252509 0.0211901 39.0301 -0.0207542 -0.0174019 0.999633 -0.749973
0.0349648 -0.999209 -0.018923 1.60833 0.999199 0.0345831 0.0201367 39.0464 -0.0194663 -0.019612 0.999618 -0.773462
0.0307859 -0.999326 -0.020005 1.08633 0.999483 0.0305935 0.0098561 39.0692 -0.00923743 -0.0202981 0.999751 -0.783533
0.0382177 -0.999068 -0.0200461 0.557752 0.999251 0.0380891 0.0067595 39.0916 -0.00598967 -0.0202894 0.999776 -0.796611
0.0400505 -0.999025 -0.0185988 0.0473756 0.999159 0.0398791 0.00949685 39.1183 -0.00874588 -0.0189635 0.999782 -0.812103
0.0429188 -0.998809 -0.0232163 -0.455861 0.998877 0.0424314 0.0210951 39.1448 -0.0200848 -0.0240956 0.999508 -0.834463
0.0377371 -0.999225 -0.011225 -0.961535 0.998803 0.0373664 0.0315773 39.1694 -0.0311334 -0.0124032 0.999438 -0.843966
0.0381081 -0.998915 -0.0267692 -1.46792 0.998934 0.0373833 0.0270742 39.1905 -0.0260441 -0.0277724 0.999275 -0.867275
0.037372 -0.998914 -0.0278252 -2.04266 0.999298 0.0374343 -0.00172217 39.2058 0.00276191 -0.0277412 0.999611 -0.885456
0.0274265 -0.999382 -0.0219862 -2.61486 0.999559 0.027168 0.011972 39.2266 -0.0113673 -0.0223048 0.999687 -0.905161
0.00257542 -0.99978 -0.0208372 -3.1268 0.999594 0.00198258 0.0284217 39.2185 -0.0283741 -0.020902 0.999379 -0.918037
-0.000111371 -0.999721 -0.0236085 -3.63995 0.999982 -0.000254697 0.00606806 39.219 -0.00607238 -0.0236073 0.999703 -0.933081
-0.00431946 -0.999746 -0.0220999 -4.15227 0.999976 -0.00443884 0.00535562 39.2177 -0.00545236 -0.0220762 0.999741 -0.946691
-0.00203997 -0.999782 -0.0208015 -4.65972 0.999885 -0.0023521 0.0149916 39.2213 -0.0150372 -0.0207685 0.999671 -0.959651
-0.000661864 -0.999891 -0.0147791 -5.17115 0.999776 -0.00097459 0.021163 39.2228 -0.021175 -0.0147617 0.999667 -0.973805
-0.00601077 -0.999807 -0.0186871 -5.68192 0.999666 -0.00647744 0.0250139 39.2234 -0.0251301 -0.0185305 0.999512 -0.988388
-0.00156356 -0.999707 -0.0241443 -6.19777 0.999879 -0.00193661 0.015435 39.2252 -0.0154772 -0.0241173 0.999589 -1.00324
-0.00389432 -0.99967 -0.0253975 -6.70603 0.999885 -0.0042644 0.0145338 39.2238 -0.0146373 -0.025338 0.999572 -1.01642
-0.00173041 -0.999693 -0.0247016 -7.22247 0.999972 -0.00190823 0.00717698 39.2232 -0.00722192 -0.0246885 0.999669 -1.0311
0.00157498 -0.999842 -0.0177205 -7.72405 0.999993 0.0015143 0.00343708 39.2266 -0.0034097 -0.0177257 0.999837 -1.04481
-0.000539866 -0.999956 -0.00935851 -8.23348 0.999965 -0.000618216 0.00837113 39.2322 -0.00837655 -0.00935366 0.999921 -1.05696
0.000591734 -0.999921 -0.0125589 -8.75482 0.999938 0.000452166 0.011113 39.2344 -0.0111065 -0.0125647 0.999859 -1.06887
0.00647045 -0.999785 -0.0196805 -9.26601 0.999892 0.00620931 0.0133011 39.2432 -0.0131761 -0.0197645 0.999718 -1.0843
0.00774854 -0.999784 -0.0192843 -9.76838 0.999939 0.00759441 0.00805329 39.2491 -0.0079051 -0.0193455 0.999782 -1.0979
0.00775363 -0.999634 -0.0259227 -10.2824 0.99997 0.00776407 -0.000301951 39.2523 0.000503106 -0.0259196 0.999664 -1.11407
0.00813725 -0.999676 -0.0240998 -10.7997 0.999956 0.00824982 -0.00457518 39.2554 0.00477252 -0.0240615 0.999699 -1.12785
0.00852933 -0.999796 -0.0183176 -11.3094 0.999963 0.00853959 -0.00048193 39.2615 0.000638256 -0.0183128 0.999832 -1.14288
0.00777295 -0.999818 -0.0174352 -11.8221 0.99997 0.00776355 0.000606645 39.2698 -0.000471175 -0.0174394 0.999848 -1.15672
0.00887489 -0.999808 -0.0174523 -12.345 0.999961 0.00887401 0.000127872 39.2762 2.70244e-05 -0.0174528 0.999848 -1.16959
0.0097254 -0.999829 -0.0157539 -12.8488 0.999951 0.00969168 0.00221497 39.2843 -0.00206191 -0.0157746 0.999873 -1.18436
0.0102046 -0.999683 -0.0230062 -13.3687 0.99994 0.0101123 0.00412556 39.2959 -0.00389161 -0.0230469 0.999727 -1.19823
0.0106813 -0.999662 -0.0236907 -13.8715 0.999938 0.0106067 0.0032739 39.3034 -0.00302152 -0.0237242 0.999714 -1.21021
0.0120657 -0.99961 -0.0251749 -14.3893 0.999926 0.0120305 0.00155125 39.3106 -0.00124778 -0.0251917 0.999682 -1.22565
0.0130457 -0.999655 -0.0227818 -14.8935 0.999912 0.0129862 0.0027574 39.3191 -0.0024606 -0.0228157 0.999737 -1.23725
0.0128763 -0.999746 -0.0185165 -15.4178 0.999912 0.0128178 0.00327613 39.3276 -0.00303795 -0.0185571 0.999823 -1.24804
0.0126361 -0.99982 -0.0141402 -15.9407 0.999916 0.0126755 -0.00269758 39.3331 0.00287633 -0.0141049 0.999896 -1.26343
0.0136118 -0.999823 -0.0130042 -16.4604 0.999883 0.0137007 -0.00676962 39.3408 0.00694659 -0.0129105 0.999893 -1.27921
0.0141034 -0.999793 -0.0146507 -16.9689 0.999852 0.0142449 -0.00960548 39.3502 0.00981219 -0.0145131 0.999847 -1.29172
0.0127616 -0.999765 -0.0175471 -17.4708 0.999872 0.0129289 -0.00945656 39.3621 0.0096812 -0.0174242 0.999801 -1.29988
0.0155109 -0.999602 -0.0235673 -17.9978 0.999838 0.01572 -0.00871603 39.3703 0.00908304 -0.0234283 0.999684 -1.31612
0.018653 -0.999551 -0.0234528 -18.5238 0.999815 0.0187574 -0.00423965 39.3813 0.00467766 -0.0233693 0.999716 -1.32722
0.0178836 -0.999594 -0.0221822 -19.0302 0.999827 0.0179922 -0.00470467 39.3954 0.00510186 -0.0220943 0.999743 -1.34076
0.0185639 -0.99963 -0.0198638 -19.5415 0.999823 0.0186188 -0.00258345 39.4053 0.00295233 -0.0198124 0.999799 -1.3569
0.0213148 -0.999614 -0.0177937 -20.0429 0.999758 0.0214074 -0.00503073 39.4175 0.00540971 -0.0176821 0.999829 -1.36971
0.0253124 -0.999518 -0.017971 -20.5666 0.999663 0.0254127 -0.00537899 39.4356 0.00583309 -0.0178288 0.999824 -1.38042
0.0249388 -0.999559 -0.0161479 -21.0903 0.999675 0.0250197 -0.0048271 39.4502 0.00522899 -0.0160222 0.999858 -1.39274
0.0259094 -0.999507 -0.017738 -21.6108 0.99963 0.0260513 -0.00781346 39.4692 0.00827171 -0.017529 0.999812 -1.40357
0.0262166 -0.999417 -0.0218918 -22.1424 0.999536 0.0265468 -0.0149289 39.4812 0.0155013 -0.0214902 0.999649 -1.41806
0.0258571 -0.999444 -0.021057 -22.645 0.999546 0.0261743 -0.014928 39.5003 0.0154709 -0.0206615 0.999667 -1.43069
0.0267193 -0.999463 -0.018971 -23.1728 0.99954 0.026984 -0.0138347 39.5151 0.0143392 -0.0185926 0.999724 -1.44046
0.0265697 -0.999476 -0.0185125 -23.7037 0.99947 0.0269088 -0.0183165 39.5263 0.018805 -0.018016 0.999661 -1.45369
0.0301784 -0.999458 -0.0131428 -24.2124 0.999378 0.0304105 -0.0178383 39.5458 0.0182283 -0.0125963 0.999755 -1.46614
0.0298977 -0.999486 -0.0115956 -24.7292 0.999422 0.0300798 -0.0158528 39.565 0.0161935 -0.0111149 0.999807 -1.4755
-0.0208834 -0.999715 -0.0115522 -24.9897 0.999781 -0.0208927 0.000687463 39.5522 -0.000928624 -0.0115353 0.999933 -1.48351
-0.0383901 -0.999009 -0.0225193 -25.5006 0.999187 -0.0381008 -0.0131419 39.5328 0.0122709 -0.0230055 0.99966 -1.50141
-0.0398701 -0.999035 -0.018401 -26.0025 0.99898 -0.0394639 -0.0219335 39.5127 0.0211862 -0.0192567 0.99959 -1.51028
-0.0472966 -0.998721 -0.017882 -26.5166 0.998533 -0.0468003 -0.0272268 39.4871 0.0263551 -0.0191435 0.999469 -1.52086
-0.0430581 -0.99899 -0.012852 -27.0183 0.998663 -0.0426688 -0.0291705 39.4705 0.0285927 -0.0140909 0.999492 -1.53334
-0.0413168 -0.999043 -0.0143509 -27.5254 0.998941 -0.0410131 -0.0208473 39.4492 0.0202388 -0.0151971 0.99968 -1.54207
-0.0376826 -0.999212 -0.0124559 -28.0274 0.999248 -0.0375637 -0.00964381 39.4369 0.00916832 -0.0128099 0.999876 -1.55472
-0.034827 -0.999223 -0.0184347 -28.5424 0.999386 -0.0347477 -0.00460455 39.4237 0.00396041 -0.0185838 0.999819 -1.56992
-0.027978 -0.999388 -0.0210173 -29.0445 0.99946 -0.0276054 -0.0178154 39.4106 0.0172243 -0.0215044 0.99962 -1.58083
-0.0232645 -0.999619 -0.014884 -29.5622 0.999455 -0.0229065 -0.0237884 39.4006 0.0234384 -0.0154293 0.999606 -1.58984
-0.0237154 -0.999594 -0.0157613 -30.0702 0.999409 -0.0233124 -0.0252762 39.3901 0.0248985 -0.0163514 0.999556 -1.60374
-0.022688 -0.999661 -0.0127925 -30.5844 0.999553 -0.0224327 -0.0197579 39.3837 0.0194642 -0.0132351 0.999723 -1.61621
-0.0219528 -0.9997 -0.010898 -31.085 0.999723 -0.0218576 -0.00877818 39.3789 0.00853734 -0.0110877 0.999902 -1.6281
-0.0208086 -0.999743 -0.00902001 -31.5918 0.999725 -0.020709 -0.011003 39.3711 0.0108134 -0.00924649 0.999899 -1.63934
-0.0205939 -0.999695 -0.0136618 -32.1128 0.999739 -0.0204555 -0.0101921 39.3688 0.00990956 -0.0138682 0.999855 -1.64897
-0.0186898 -0.999673 -0.0174324 -32.6345 0.999675 -0.0183822 -0.0176449 39.3611 0.0173187 -0.0177565 0.999692 -1.65941
-0.0197539 -0.999659 -0.0170631 -33.1531 0.999606 -0.0194067 -0.0202785 39.3491 0.0199405 -0.0174569 0.999649 -1.67188
-0.0163142 -0.999818 -0.00991143 -33.664 0.99956 -0.0160628 -0.0249367 39.3429 0.0247729 -0.0103139 0.99964 -1.68426
-0.0148203 -0.999854 -0.00856027 -34.1687 0.999615 -0.014615 -0.023569 39.3398 0.0234405 -0.00890628 0.999686 -1.696
-0.0178125 -0.999712 -0.016083 -34.6716 0.999783 -0.0176359 -0.0110584 39.3353 0.0107716 -0.0162765 0.99981 -1.70843
0.0192263 -0.999633 -0.0190921 -35.1775 0.999707 0.0195014 -0.0143318 39.3461 0.0146989 -0.018811 0.999715 -1.71406
0.0311881 -0.999455 -0.0108414 -35.69 0.998982 0.0315235 -0.0322749 39.3613 0.0325991 -0.00982375 0.99942 -1.72326
0.0361953 -0.999333 -0.00486765 -36.1953 0.998783 0.0363377 -0.0333348 39.382 0.0334894 -0.00365517 0.999432 -1.73314
0.0401296 -0.999114 -0.0126647 -36.7039 0.998731 0.0404938 -0.029943 39.4056 0.0304293 -0.011447 0.999471 -1.74394
0.0431048 -0.998918 -0.0174635 -37.2242 0.998853 0.0434533 -0.0200975 39.4311 0.0208346 -0.0165772 0.999645 -1.75377
0.0499474 -0.99857 -0.019039 -37.7485 0.998589 0.0502742 -0.0170917 39.4621 0.0180244 -0.0181585 0.999673 -1.76453
0.0520382 -0.998457 -0.0193656 -38.3007 0.998346 0.0524873 -0.0234515 39.4961 0.0244318 -0.0181132 0.999537 -1.77724
0.0607755 -0.998024 -0.015932 -38.8162 0.997441 0.0613267 -0.0367575 39.5291 0.0376619 -0.0136572 0.999197 -1.79229
0.0539532 -0.998508 -0.00839025 -39.3382 0.997977 0.0542037 -0.0332174 39.5628 0.0336226 -0.00658109 0.999413 -1.8029
0.0536758 -0.99851 -0.00980989 -39.8463 0.998109 0.0539438 -0.0294789 39.5953 0.0299642 -0.00820903 0.999517 -1.81408
0.0579735 -0.998152 -0.0182303 -40.36 0.99798 0.0584197 -0.0249777 39.6276 0.0259966 -0.0167454 0.999522 -1.82554
0.0612455 -0.997962 -0.0179022 -40.8765 0.997809 0.0616661 -0.0239732 39.665 0.0250283 -0.0163948 0.999552 -1.83124
0.0661121 -0.997558 -0.0225138 -41.3836 0.997461 0.0666708 -0.0250391 39.7008 0.026479 -0.0208013 0.999433 -1.84382
0.0686453 -0.997469 -0.0185265 -41.8853 0.997122 0.069197 -0.0309908 39.7359 0.0321943 -0.0163458 0.999348 -1.85748
0.0708172 -0.997402 -0.0131964 -42.3879 0.996867 0.0712339 -0.0343671 39.7713 0.0352178 -0.0107213 0.999322 -1.86764
0.0739676 -0.997164 -0.0139188 -42.8867 0.99659 0.0744223 -0.0356285 39.8093 0.0365633 -0.011236 0.999268 -1.87926
0.0794874 -0.99674 -0.0138056 -43.3897 0.996286 0.0798957 -0.0320925 39.8593 0.0330909 -0.0112033 0.99939 -1.88984
0.0811797 -0.996589 -0.0148474 -43.8932 0.996264 0.0815755 -0.0283472 39.899 0.0294617 -0.0124907 0.999488 -1.90191
0.0768895 -0.996859 -0.0189565 -44.413 0.996808 0.0772671 -0.020066 39.9442 0.0214677 -0.0173532 0.999619 -1.91288
0.0641899 -0.997722 -0.0207335 -44.9223 0.997475 0.0647787 -0.0290969 39.9808 0.0303737 -0.0188134 0.999362 -1.92384
0.0612778 -0.997966 -0.0175953 -45.4233 0.997689 0.0617602 -0.0283265 40.0129 0.0293556 -0.0158189 0.999444 -1.93086
0.0105129 -0.99992 -0.00698906 -45.5448 0.999799 0.0106306 -0.0170159 39.9982 0.0170888 -0.00680877 0.999831 -1.93511
-0.000605175 -0.999903 -0.0139137 -46.0616 0.999651 -0.000237646 -0.0264013 39.997 0.0263955 -0.0139249 0.999555 -1.94899
5.42794e-05 -0.999839 -0.0179373 -46.584 0.999282 0.000733803 -0.0378788 39.9979 0.0378859 -0.0179224 0.999121 -1.96169
-0.00712828 -0.999783 -0.0195794 -47.0969 0.999131 -0.00631679 -0.0412001 39.9929 0.0410674 -0.019856 0.998959 -1.97298
0.00120148 -0.999874 -0.0158386 -47.6029 0.99951 0.00169633 -0.0312669 39.9978 0.0312898 -0.0157933 0.999386 -1.97985
0.00410433 -0.999906 -0.0130502 -48.1135 0.999568 0.0044821 -0.0290516 40.0028 0.0291074 -0.0129253 0.999493 -1.98996
0.00353352 -0.999889 -0.0144899 -48.6397 0.999564 0.00395634 -0.0292562 40.0055 0.0293103 -0.0143802 0.999467 -2.00316
0.00965119 -0.999889 -0.0113763 -49.1441 0.999269 0.0100648 -0.0368831 40.0142 0.0369935 -0.011012 0.999255 -2.01466
0.00668941 -0.999905 -0.012049 -49.6479 0.999311 0.0071243 -0.0364204 40.0223 0.0365027 -0.0117971 0.999264 -2.02485
0.00636271 -0.999881 -0.0140214 -50.154 0.999364 0.00685007 -0.0349889 40.0272 0.0350808 -0.0137899 0.999289 -2.03534
0.00518095 -0.999828 -0.0178157 -50.6794 0.99937 0.00580222 -0.0349992 40.0332 0.0350966 -0.0176231 0.999229 -2.04895
0.00439021 -0.999848 -0.016877 -51.1902 0.999515 0.00490782 -0.030751 40.0399 0.0308292 -0.0167338 0.999385 -2.05828
0.000856445 -0.999902 -0.0140075 -51.7149 0.999502 0.00129786 -0.0315344 40.0404 0.0315495 -0.0139735 0.999405 -2.0665
0.000295677 -0.99991 -0.0134319 -52.2281 0.999459 0.000737139 -0.0328735 40.0459 0.0328805 -0.0134149 0.999369 -2.07836
0.00164112 -0.999957 -0.00912479 -52.7348 0.999177 0.0020095 -0.0405101 40.046 0.0405267 -0.0090508 0.999137 -2.08799
-0.00159572 -0.999937 -0.0110709 -53.2581 0.999061 -0.0011149 -0.043302 40.0471 0.043287 -0.0111296 0.999001 -2.1007
-0.00281057 -0.999883 -0.0150361 -53.7655 0.99883 -0.00208106 -0.0483146 40.0439 0.0482777 -0.0151543 0.998719 -2.11147
-0.00384029 -0.999803 -0.0194804 -54.2753 0.999053 -0.00299148 -0.0434157 40.0472 0.0433488 -0.0196287 0.998867 -2.12336
-0.00643154 -0.999866 -0.0150388 -54.7977 0.999122 -0.00580275 -0.0414875 40.0493 0.0413946 -0.0152924 0.999026 -2.12779
-0.00772179 -0.999924 -0.00961743 -55.316 0.999171 -0.00733083 -0.0400435 40.0474 0.0399699 -0.00991867 0.999152 -2.1376
-0.0083694 -0.999939 -0.00725057 -55.8307 0.999202 -0.00807952 -0.0391261 40.0408 0.0390651 -0.00757224 0.999208 -2.14949
-0.00886418 -0.999915 -0.00957044 -56.3537 0.999274 -0.00850295 -0.0371473 40.0375 0.0370627 -0.00989277 0.999264 -2.16347
-0.0156433 -0.999756 -0.0156218 -56.8626 0.999235 -0.0150711 -0.0360961 40.0337 0.0358518 -0.0161745 0.999226 -2.17493
-0.0486595 -0.998582 -0.0216071 -57.3868 0.998128 -0.0478122 -0.0381364 40.0101 0.0370492 -0.0234224 0.999039 -2.19102
-0.0582169 -0.998068 -0.0217191 -57.8937 0.997563 -0.0573217 -0.0397832 39.9783 0.0384614 -0.0239822 0.998972 -2.2044
-0.058934 -0.998148 -0.0150829 -58.4003 0.997358 -0.058231 -0.0434394 39.9505 0.0424807 -0.0176031 0.998942 -2.21612
-0.0587282 -0.998246 -0.00745301 -58.92 0.997053 -0.0582856 -0.049877 39.9198 0.0493551 -0.0103602 0.998728 -2.22573
-0.0640025 -0.997935 -0.00538706 -59.4381 0.996685 -0.0636487 -0.0506812 39.8882 0.0502336 -0.00861292 0.9987 -2.23646
-0.06745 -0.997659 -0.011286 -59.9873 0.996625 -0.0668411 -0.0476465 39.8543 0.0467806 -0.0144616 0.998801 -2.24706
-0.0701917 -0.997344 -0.0194545 -60.4932 0.996485 -0.0692108 -0.0471894 39.8229 0.0457175 -0.0226984 0.998696 -2.25957
-0.0721745 -0.997286 -0.0145424 -60.9997 0.996235 -0.0713809 -0.0492079 39.7902 0.0480363 -0.0180392 0.998683 -2.27029
-0.0330021 -0.999366 -0.0133801 -61.5299 0.998116 -0.0322621 -0.0521922 39.7857 0.0517274 -0.0150773 0.998547 -2.27741
0.00707619 -0.999936 -0.00884341 -62.0395 0.998449 0.00755343 -0.0551513 39.8016 0.0552146 -0.00843943 0.998439 -2.28147
0.0140098 -0.99983 -0.0119904 -62.5488 0.998948 0.0145191 -0.0434983 39.8148 0.043665 -0.0113684 0.998982 -2.2934
0.0160636 -0.999754 -0.0152989 -63.0639 0.999175 0.0166212 -0.0370454 39.8267 0.0372905 -0.0146912 0.999196 -2.30118
0.0222777 -0.999638 -0.0150527 -63.5757 0.999061 0.0228193 -0.036825 39.8434 0.0371552 -0.0142182 0.999208 -2.31169
0.0277348 -0.999612 -0.00251965 -64.0793 0.998623 0.0278194 -0.0444737 39.8605 0.0445266 -0.00128272 0.999007 -2.31266
0.0238963 -0.999521 -0.0196434 -64.5819 0.998178 0.0249438 -0.0549336 39.8714 0.0553973 -0.018295 0.998297 -2.33732
0.0294353 -0.999382 -0.0192245 -65.0872 0.998555 0.0302652 -0.0444116 39.8901 0.044966 -0.0178894 0.998828 -2.34588
0.0305109 -0.999483 -0.0101244 -65.5977 0.998607 0.0309173 -0.0427585 39.9122 0.0430494 -0.00880572 0.999034 -2.356
0.0347991 -0.999313 -0.0127393 -66.1006 0.998453 0.0353167 -0.0429568 39.9307 0.0433772 -0.0112248 0.998996 -2.3679
-0.00699131 -0.999952 -0.00685602 -66.3998 0.999255 -0.00672583 -0.0380097 39.9351 0.0379618 -0.00711665 0.999254 -2.37441
-0.0867207 -0.996148 -0.012989 -66.3922 0.995577 -0.0861832 -0.0374086 39.902 0.036145 -0.0161757 0.999216 -2.3773
-0.153814 -0.987942 -0.0176717 -66.3663 0.98718 -0.152875 -0.0458789 39.8789 0.0426242 -0.024502 0.998791 -2.37676
-0.232882 -0.972363 -0.0166081 -66.3534 0.971542 -0.231858 -0.0484567 39.8487 0.0432668 -0.0274201 0.998687 -2.38139
-0.308946 -0.951024 -0.0102991 -66.3529 0.949783 -0.307942 -0.0555362 39.8161 0.0496447 -0.0269396 0.998404 -2.38928
-0.370003 -0.929017 -0.00497482 -66.3437 0.928096 -0.369385 -0.0468256 39.8 0.0416642 -0.0219427 0.998891 -2.38834
-0.430084 -0.902701 -0.012589 -66.3226 0.902362 -0.42941 -0.0367342 39.7721 0.0277541 -0.0271586 0.999246 -2.39142
-0.502458 -0.864542 -0.0102035 -66.3111 0.864095 -0.501724 -0.0401573 39.7478 0.0295983 -0.0289942 0.999141 -2.38867
-0.570962 -0.820916 -0.0100073 -66.2978 0.820453 -0.57012 -0.0426717 39.7213 0.0293245 -0.0325745 0.999039 -2.39409
-0.614766 -0.788709 0.00109721 -66.288 0.78795 -0.614234 -0.0430127 39.6994 0.0345985 -0.0255782 0.999074 -2.39145
-0.66383 -0.747855 -0.0065533 -66.2695 0.747669 -0.663405 -0.0297263 39.6871 0.0178835 -0.0246329 0.999537 -2.38835
-0.712146 -0.701894 -0.0139019 -66.2412 0.701965 -0.711668 -0.0278142 39.6746 0.00962906 -0.0295664 0.999516 -2.38807
-0.793937 -0.607977 -0.00532332 -66.2084 0.60779 -0.793401 -0.0332624 39.6342 0.0159993 -0.0296437 0.999432 -2.3977
-0.827109 -0.562041 0.000405209 -66.1872 0.561791 -0.826763 -0.0292216 39.6192 0.0167587 -0.0239418 0.999573 -2.39517
-0.86065 -0.509029 -0.0130628 -66.1616 0.509194 -0.860279 -0.0253441 39.6282 0.00166326 -0.0284639 0.999593 -2.38932
-0.897797 -0.440036 -0.0181396 -66.1392 0.4404 -0.897287 -0.0303966 39.6138 -0.00290077 -0.0352787 0.999373 -2.39185
-0.952533 -0.304414 -0.00365233 -66.0946 0.304361 -0.951967 -0.0335102 39.5798 0.00672406 -0.0330312 0.999432 -2.38936
-0.969702 -0.244283 -0.00218202 -66.0653 0.24425 -0.969325 -0.0274136 39.5776 0.0045816 -0.027116 0.999622 -2.38753
-0.987588 -0.156679 -0.0110036 -66.0245 0.156933 -0.987208 -0.0281571 39.5758 -0.00645125 -0.0295345 0.999543 -2.38444
-0.997091 -0.0754949 -0.0104472 -65.9967 0.0757531 -0.99676 -0.0270328 39.5613 -0.00837247 -0.0277455 0.99958 -2.38732
-0.999897 -0.00269571 -0.0140889 -65.9695 0.00303279 -0.999708 -0.0239586 39.5517 -0.0140202 -0.0239989 0.999614 -2.39253
-0.999423 0.0321761 -0.0109097 -65.9367 -0.0319451 -0.999275 -0.0207259 39.1007 -0.0115687 -0.0203654 0.999726 -2.40552
-0.99915 0.0396323 -0.011361 -65.9192 -0.0392444 -0.9987 -0.032542 38.5902 -0.012636 -0.0320685 0.999406 -2.42919
-0.998961 0.0431932 -0.0145303 -65.9034 -0.0427016 -0.998556 -0.032593 38.0761 -0.0159172 -0.0319387 0.999363 -2.44139
-0.998715 0.0487076 -0.0139871 -65.8652 -0.0481771 -0.998188 -0.0360483 37.5477 -0.0157175 -0.0353281 0.999252 -2.46548
-0.998489 0.053855 -0.0109503 -65.8349 -0.0533948 -0.997824 -0.0386906 37.0049 -0.0130102 -0.0380475 0.999191 -2.48751
-0.998631 0.0519352 -0.00615339 -65.8076 -0.0516987 -0.99809 -0.0338101 36.4903 -0.00789757 -0.0334457 0.999409 -2.50714
-0.998362 0.0565858 -0.00845946 -65.7777 -0.0563042 -0.997949 -0.0304695 35.9874 -0.0101662 -0.0299432 0.9995 -2.52802
-0.997956 0.0629019 -0.0113112 -65.7483 -0.0624927 -0.997484 -0.0334802 35.4296 -0.0133887 -0.0327048 0.999375 -2.55067
-0.997986 0.0629626 -0.0077004 -65.7121 -0.0626714 -0.997471 -0.0335262 34.9239 -0.00979182 -0.032976 0.999408 -2.57158
-0.997789 0.0658937 -0.00866169 -65.6785 -0.065624 -0.99744 -0.0284092 34.4212 -0.0105115 -0.027778 0.999559 -2.58854
-0.999865 0.0155942 -0.00517169 -65.6825 -0.0154359 -0.99945 -0.0293527 34.0023 -0.00562658 -0.0292689 0.999556 -2.60396
-0.999967 -0.0034939 -0.00737035 -65.6968 0.00373321 -0.999458 -0.0327084 33.4845 -0.00725208 -0.0327349 0.999438 -2.62539
-0.999919 -0.00177356 -0.0125914 -65.7001 0.00214923 -0.999551 -0.0298844 32.9631 -0.0125327 -0.0299091 0.999474 -2.6478
-0.999947 0.00102572 -0.010289 -65.7001 -0.000784725 -0.999726 -0.0233995 32.6944 -0.0103102 -0.0233902 0.999673 -2.65703
-0.999972 -0.000202659 -0.00747082 -65.7004 0.000378271 -0.999723 -0.0235124 32.1819 -0.00746399 -0.0235146 0.999696 -2.67756
-0.999963 -0.00248784 -0.00822291 -65.7059 0.00279266 -0.999301 -0.0372675 31.6449 -0.00812445 -0.037289 0.999271 -2.70022
-0.999951 -0.0052335 -0.0084084 -65.7111 0.00555625 -0.99923 -0.0388303 31.1227 -0.00819871 -0.0388751 0.99921 -2.71933
-0.999922 -0.00532349 -0.0112879 -65.7161 0.00571388 -0.999377 -0.0348395 30.6205 -0.0110954 -0.0349013 0.999329 -2.74042
-0.999906 -0.00764721 -0.0113679 -65.7218 0.00798895 -0.999508 -0.0303266 30.1098 -0.0111303 -0.0304146 0.999475 -2.76168
-0.999906 -0.00677342 -0.0119604 -65.7319 0.00710556 -0.999584 -0.0279495 29.6098 -0.0117661 -0.0280318 0.999538 -2.7848
-0.999889 -0.00867614 -0.0121197 -65.7379 0.00902356 -0.999541 -0.0289115 29.106 -0.0118633 -0.0290176 0.999508 -2.80559
-0.99991 -0.00833818 -0.0105105 -65.735 0.00866585 -0.999465 -0.0315255 28.6014 -0.010242 -0.0316137 0.999448 -2.82821
-0.999936 -0.0110159 0.00245856 -65.7414 0.0109227 -0.999321 -0.0351763 28.0843 0.00284439 -0.0351472 0.999378 -2.8513
-0.999936 -0.0112021 0.00163117 -65.7512 0.0111296 -0.99917 -0.0391941 27.5675 0.00206888 -0.0391734 0.99923 -2.86981
-0.999928 -0.0118758 -0.00154943 -65.7637 0.0119258 -0.999218 -0.0377031 27.0172 -0.00110046 -0.0377189 0.999288 -2.88894
-0.99978 -0.0186911 -0.00951825 -65.781 0.0189985 -0.999265 -0.033294 26.4933 -0.00888895 -0.0334675 0.9994 -2.90831
-0.999772 -0.016513 -0.0135595 -65.7915 0.0169002 -0.999438 -0.0289579 25.9918 -0.0130736 -0.0291804 0.999489 -2.93033
-0.999806 -0.0187277 -0.00604009 -65.8019 0.0189033 -0.999357 -0.030458 25.4703 -0.0054658 -0.0305663 0.999518 -2.95325
-0.99984 -0.0175131 0.00375672 -65.814 0.0173888 -0.999372 -0.0308896 24.9684 0.00429533 -0.0308193 0.999516 -2.97423
-0.999874 -0.0145814 0.00634042 -65.8197 0.014375 -0.999402 -0.0314628 24.4613 0.0067954 -0.0313677 0.999485 -2.99608
-0.999906 -0.0126722 0.00527979 -65.8289 0.0124946 -0.999397 -0.0324095 23.9549 0.00568731 -0.0323405 0.999461 -3.01619
-0.999866 -0.0146768 -0.00729876 -65.8373 0.0149102 -0.999343 -0.0330217 23.455 -0.00680931 -0.0331261 0.999428 -3.03664
-0.99977 -0.0142638 -0.0159935 -65.8491 0.014857 -0.999182 -0.0376009 22.9432 -0.0154441 -0.0378299 0.999165 -3.05856
-0.999878 -0.0156048 0.00055729 -65.8512 0.0155846 -0.99953 -0.0264001 22.4272 0.000968996 -0.0263882 0.999651 -3.0785
-0.999736 -0.0188695 0.0130734 -65.8633 0.0184382 -0.999306 -0.0323569 21.9186 0.0136749 -0.0321073 0.999391 -3.0973
-0.99978 -0.0177511 0.0111434 -65.8772 0.0173862 -0.999336 -0.0320331 21.4017 0.0117046 -0.0318323 0.999425 -3.1182
-0.999906 -0.0106973 -0.00858603 -65.8888 0.0110471 -0.999066 -0.041782 20.8744 -0.00813106 -0.0418729 0.99909 -3.14346
-0.999866 -0.0110647 -0.0121014 -65.8964 0.0115267 -0.999181 -0.0387971 20.3637 -0.0116622 -0.0389314 0.999174 -3.16273
-0.99992 -0.00703238 -0.0105452 -65.8997 0.00730819 -0.999626 -0.026349 19.8617 -0.0103559 -0.026424 0.999597 -3.18188
-0.999971 -0.0076088 -0.000720487 -65.9035 0.00762452 -0.999654 -0.0251606 19.3557 -0.000528796 -0.0251654 0.999683 -3.20304
-0.999698 -0.0147407 0.0196616 -65.9073 0.0140311 -0.999262 -0.0357521 18.8297 0.0201741 -0.0354655 0.999167 -3.22836
-0.999748 -0.0168386 0.0148127 -65.9239 0.0162553 -0.99912 -0.0386553 18.3046 0.0154506 -0.0384048 0.999143 -3.25079
-0.999874 -0.0145603 0.0063551 -65.938 0.0143417 -0.999346 -0.0331884 17.7773 0.00683418 -0.033093 0.999429 -3.26692
-0.999847 -0.0170347 -0.0039428 -65.9515 0.0171579 -0.999285 -0.0336899 17.2454 -0.00336609 -0.0337524 0.999425 -3.28545
-0.999736 -0.0152095 -0.0172253 -65.9694 0.015693 -0.999476 -0.0282928 16.7318 -0.0167859 -0.0285556 0.999451 -3.30545
-0.999738 -0.0158409 -0.0165339 -65.9791 0.0162851 -0.9995 -0.0270859 16.2215 -0.0160965 -0.027348 0.999496 -3.32079
-0.999786 -0.0171483 -0.0115936 -65.9924 0.0174613 -0.99947 -0.0274591 15.7139 -0.0111166 -0.0276557 0.999556 -3.34005
-0.999894 -0.0143224 0.00250597 -66.0031 0.0142333 -0.999369 -0.0325503 15.1904 0.00297059 -0.0325112 0.999467 -3.36061
-0.999928 -0.0107917 0.00533043 -66.0106 0.0106077 -0.999385 -0.0334221 14.6896 0.00568784 -0.0333631 0.999427 -3.38494
-0.999826 -0.0112488 0.0148908 -66.0119 0.0107266 -0.99934 -0.0346958 14.1862 0.0152713 -0.03453 0.999287 -3.40417
-0.999777 -0.0120945 0.0173369 -66.018 0.0113699 -0.999082 -0.0413044 13.6557 0.0178205 -0.041098 0.998996 -3.42733
-0.999596 -0.028232 0.0033034 -66.0329 0.0280848 -0.99887 -0.0383526 13.1464 0.00438243 -0.0382443 0.999259 -3.44986
-0.999502 -0.0313052 0.00392038 -66.0503 0.0311574 -0.998958 -0.0333578 12.6277 0.00496057 -0.033219 0.999436 -3.46878
-0.999414 -0.0341247 0.00269158 -66.0683 0.0340272 -0.998958 -0.0304152 12.1257 0.00372669 -0.0303058 0.999534 -3.48707
-0.999335 -0.0355658 0.00802608 -66.089 0.0352843 -0.998838 -0.0328358 11.6102 0.00918458 -0.0325308 0.999429 -3.50648
-0.999306 -0.0344866 0.0140794 -66.1106 0.033947 -0.998742 -0.036916 11.0787 0.0153348 -0.0364125 0.999219 -3.52517
-0.999365 -0.0332025 0.0129081 -66.1229 0.0327253 -0.998831 -0.0355713 10.559 0.0140741 -0.0351263 0.999284 -3.54526
-0.999201 -0.0371522 0.0147486 -66.1472 0.0366822 -0.998848 -0.0309469 10.0308 0.0158813 -0.0303811 0.999412 -3.56538
-0.999246 -0.0387724 0.002117 -66.1718 0.0387019 -0.998891 -0.0268057 9.50072 0.00315397 -0.0267036 0.999638 -3.58442
-0.999084 -0.0427498 0.00184073 -66.1971 0.0426817 -0.998697 -0.0279881 8.98306 0.00303482 -0.0278839 0.999607 -3.60308
-0.998986 -0.0449457 -0.00247531 -66.233 0.0449997 -0.99854 -0.0298668 8.42619 -0.00112932 -0.0299479 0.999551 -3.62446
-0.998961 -0.045457 0.00319197 -66.258 0.0453449 -0.998545 -0.029168 7.92011 0.00451322 -0.028993 0.999569 -3.63947
-0.99896 -0.0454763 0.00338747 -66.2837 0.0453479 -0.998478 -0.0313888 7.39831 0.00480976 -0.0312026 0.999502 -3.65787
-0.998909 -0.0464215 0.00501098 -66.3121 0.046224 -0.998347 -0.0341549 6.87265 0.00658821 -0.033886 0.999404 -3.67557
-0.998808 -0.0475614 0.0109607 -66.3384 0.0471388 -0.998238 -0.0360369 6.36817 0.0126554 -0.0354773 0.99929 -3.69397
-0.998774 -0.0481709 0.0113755 -66.3649 0.0477765 -0.998322 -0.0327127 5.84501 0.0129322 -0.0321291 0.9994 -3.71328
-0.998812 -0.0478164 0.00943712 -66.3939 0.0475227 -0.998443 -0.029221 5.3114 0.0108197 -0.0287378 0.999528 -3.73279
-0.998761 -0.0497493 0.000862896 -66.4225 0.0497023 -0.99833 -0.0294428 4.77914 0.00232621 -0.0293635 0.999566 -3.75416
-0.998694 -0.0510259 -0.00269101 -66.4536 0.0510784 -0.998361 -0.0258029 4.26296 -0.00136999 -0.0259067 0.999663 -3.77286
-0.998948 -0.0455581 -0.00516262 -66.4798 0.0456894 -0.998533 -0.0290687 3.75584 -0.00383073 -0.029274 0.999564 -3.79606
-0.998997 -0.0444554 -0.00540801 -66.5032 0.0445872 -0.998631 -0.0273412 3.2386 -0.00418515 -0.0275549 0.999612 -3.81315
-0.998994 -0.0448298 0.000685188 -66.5271 0.0447779 -0.998376 -0.0352104 2.6945 0.00226255 -0.0351443 0.99938 -3.83547
-0.998679 -0.049446 0.0139743 -66.5537 0.0489159 -0.998153 -0.0360225 2.18726 0.0157296 -0.0352913 0.999253 -3.8564
-0.998681 -0.0489637 0.0154349 -66.5815 0.0483668 -0.998147 -0.0369208 1.66278 0.017214 -0.0361256 0.999199 -3.87449
-0.99864 -0.0490785 0.0176181 -66.6054 0.0485108 -0.998331 -0.0313202 1.15023 0.0191258 -0.030423 0.999354 -3.89118
-0.998683 -0.0464456 0.0218057 -66.631 0.0458417 -0.998572 -0.0274253 0.614917 0.0230484 -0.0263895 0.999386 -3.90647
-0.999874 0.0116811 0.0107446 -66.6195 -0.0119818 -0.999526 -0.0283551 0.32838 0.0104083 -0.0284803 0.99954 -3.91584
-0.99644 0.0834763 0.0117609 -66.5853 -0.0838272 -0.995919 -0.0334306 0.155948 0.00892225 -0.0342975 0.999372 -3.92448
-0.984959 0.172065 0.0157811 -66.5202 -0.172529 -0.984369 -0.035369 -0.101709 0.00944868 -0.0375598 0.99925 -3.93365
-0.968293 0.248777 0.022778 -66.4678 -0.249433 -0.967833 -0.0328869 -0.214393 0.0138638 -0.0375258 0.999199 -3.93799
-0.950707 0.308998 0.0260058 -66.4221 -0.309673 -0.950433 -0.0279269 -0.25814 0.0160874 -0.0346036 0.999272 -3.94623
-0.935176 0.354086 0.00837346 -66.3907 -0.354167 -0.93463 -0.03215 -0.320086 -0.00355776 -0.0330315 0.999448 -3.94362
-0.910463 0.413525 0.00733646 -66.3353 -0.413524 -0.909861 -0.0339304 -0.372807 -0.00735591 -0.0339262 0.999397 -3.94426
-0.88201 0.471192 0.00607161 -66.2784 -0.47103 -0.881183 -0.0405866 -0.431022 -0.0137739 -0.0386577 0.999158 -3.94902
-0.841773 0.539532 0.0179759 -66.2176 -0.539831 -0.841371 -0.0260352 -0.460271 0.0010776 -0.0316197 0.999499 -3.94662
-0.803516 0.595103 0.0146643 -66.1453 -0.595283 -0.803278 -0.0195569 -0.484489 0.000141173 -0.0244437 0.999701 -3.96061
-0.732704 0.680547 0.000437992 -66.0757 -0.680237 -0.732351 -0.0306381 -0.559658 -0.0205299 -0.0227466 0.99953 -3.94406
-0.649598 0.760201 0.0107825 -65.9832 -0.760165 -0.649192 -0.0264574 -0.580108 -0.0131131 -0.0253832 0.999592 -3.95777
-0.584532 0.811277 0.0123609 -65.9043 -0.811359 -0.584371 -0.0144269 -0.594736 -0.00448091 -0.0184621 0.99982 -3.96081
-0.51352 0.858072 0.00296887 -65.8199 -0.857897 -0.513338 -0.0222937 -0.618974 -0.0176056 -0.0139953 0.999747 -3.96239
-0.451124 0.892458 0.00234774 -65.7566 -0.892147 -0.450894 -0.0277186 -0.622157 -0.0236791 -0.014599 0.999613 -3.96331
-0.381522 0.92434 0.00602401 -65.6958 -0.924119 -0.381266 -0.0253082 -0.609839 -0.0210966 -0.0152225 0.999662 -3.96803
-0.281453 0.959575 0.000364915 -65.5977 -0.959351 -0.281379 -0.0217177 -0.597574 -0.0207371 -0.00646259 0.999764 -3.96605
-0.229981 0.973195 -0.000485967 -65.2125 -0.972919 -0.229927 -0.0237086 -0.675577 -0.0231848 -0.00497972 0.999719 -3.97375
-0.14698 0.989139 0.000112551 -65.1187 -0.988736 -0.146917 -0.0285909 -0.662846 -0.0282638 -0.00431358 0.999591 -3.96852
-0.0722586 0.997361 0.0070708 -65.0081 -0.997252 -0.0721308 -0.0169072 -0.641541 -0.0163525 -0.00827306 0.999832 -3.97915
-0.0721541 0.997388 0.00345117 -64.4809 -0.997078 -0.0720439 -0.0253807 -0.670402 -0.0250658 -0.00527241 0.999672 -3.98366
-0.0629639 0.998016 0.00044467 -63.9719 -0.997771 -0.0629386 -0.0221565 -0.710179 -0.0220846 -0.00183874 0.999754 -3.98806
-0.05803 0.998308 -0.00367936 -63.4601 -0.998122 -0.0580909 -0.0194497 -0.742093 -0.0196305 0.00254378 0.999804 -3.98578
-0.0598615 0.998192 -0.00539759 -62.931 -0.998091 -0.0599361 -0.0149154 -0.782812 -0.0152119 0.00449443 0.999874 -3.98674
-0.0541437 0.99853 -0.00257835 -62.4324 -0.998372 -0.0541812 -0.0178008 -0.807234 -0.0179144 0.00161035 0.999838 -3.98928
-0.0595722 0.998221 -0.00242836 -61.8991 -0.997915 -0.0596141 -0.0247368 -0.843829 -0.0248376 0.00094967 0.999691 -3.99279
-0.0324346 0.999473 0.00112894 -61.378 -0.998945 -0.0323806 -0.0325675 -0.854081 -0.0325138 -0.00218406 0.999469 -3.99732
-0.00377722 0.999993 4.17286e-05 -60.8683 -0.999896 -0.00377628 -0.0139042 -0.853149 -0.013904 -9.42436e-05 0.999903 -3.99742
0.00742424 0.999972 0.00118405 -60.3504 -0.99988 0.00743966 -0.0135965 -0.845399 -0.0136049 -0.00108296 0.999907 -3.99914
0.0159726 0.999872 -0.000457612 -59.8353 -0.999761 0.0159639 -0.0149549 -0.845125 -0.0149456 0.00069637 0.999888 -4.00072
0.0245541 0.999696 0.00243126 -59.3224 -0.999554 0.0245918 -0.01693 -0.831858 -0.0169847 -0.00201448 0.999854 -4.00449
0.0242165 0.999685 -0.00655217 -58.8183 -0.999606 0.0241206 -0.0143331 -0.825055 -0.0141705 0.00689669 0.999876 -4.00076
0.0336217 0.999422 -0.00510321 -58.2146 -0.99933 0.0335439 -0.0146342 -0.810424 -0.0144545 0.00559182 0.99988 -4.00088
0.0393624 0.99921 -0.00544641 -57.6923 -0.99914 0.0392875 -0.0132365 -0.78838 -0.0130121 0.00596275 0.999898 -4.00149
0.0484565 0.998793 -0.00799782 -57.1831 -0.998708 0.0483263 -0.0157374 -0.766031 -0.0153319 0.00875006 0.999844 -4.00046
0.0564585 0.998368 -0.00858044 -56.6713 -0.998337 0.0563519 -0.0121939 -0.743229 -0.0116905 0.00925461 0.999889 -3.99915
0.0551446 0.998472 -0.00361076 -56.152 -0.99841 0.0550983 -0.0118686 -0.713113 -0.0116515 0.00425951 0.999923 -3.99906
0.0175448 0.999846 0.000631434 -55.639 -0.999802 0.01755 -0.00933774 -0.712467 -0.00934739 -0.00046748 0.999956 -4.00184
0.0173057 0.999846 -0.00280428 -55.1326 -0.999822 0.0172842 -0.00752107 -0.706059 -0.00747145 0.00293394 0.999968 -4.00027
0.0176112 0.999831 -0.00522486 -54.6142 -0.99983 0.0175819 -0.00560362 -0.702053 -0.00551081 0.00532266 0.999971 -4.00069
0.017718 0.999801 -0.00921004 -54.1115 -0.999833 0.0176748 -0.00474877 -0.690974 -0.00458504 0.00929263 0.999946 -3.9989
0.0209677 0.999726 -0.0103881 -53.576 -0.999761 0.0209027 -0.00633067 -0.68186 -0.0061118 0.0105184 0.999926 -4.00002
0.00787229 0.999913 -0.0105953 -53.0747 -0.999954 0.00781418 -0.00551503 -0.68468 -0.00543175 0.0106382 0.999929 -4.00024
-0.0101248 0.999911 -0.00870846 -52.5546 -0.999947 -0.010107 0.0020888 -0.692873 0.00200059 0.00872915 0.99996 -3.99831
-0.0139475 0.999903 -0.000543854 -51.9808 -0.999881 -0.0139508 -0.0066058 -0.712361 -0.00661274 0.000451655 0.999978 -4.00101
-0.0172455 0.99984 0.00476708 -51.4281 -0.999812 -0.0172024 -0.00892244 -0.721951 -0.00883901 -0.00492005 0.999949 -4.00449
-0.0194866 0.999809 0.00134185 -50.9112 -0.999768 -0.0194734 -0.00918742 -0.735861 -0.00915954 -0.00152057 0.999957 -4.00319
-0.023896 0.999687 -0.00744437 -50.388 -0.999636 -0.0239869 -0.0123801 -0.755169 -0.0125547 0.00714582 0.999896 -4.00069
-0.0240398 0.999628 -0.0128677 -49.8831 -0.999592 -0.0242336 -0.0151238 -0.765174 -0.01543 0.0124989 0.999803 -4.00099
-0.0252943 0.999585 -0.0137851 -49.3706 -0.999596 -0.0254682 -0.0125896 -0.78222 -0.0129354 0.0134611 0.999826 -3.99829
-0.0263218 0.999614 -0.00892704 -48.8463 -0.999575 -0.0264306 -0.0122992 -0.799859 -0.0125304 0.00859951 0.999885 -4.00083
-0.0272153 0.999619 -0.00470758 -48.311 -0.999623 -0.0272316 -0.00344656 -0.815676 -0.00357344 0.00461201 0.999983 -4.00208
-0.028061 0.999606 -0.000741253 -47.7864 -0.9996 -0.0280634 -0.00341575 -0.833909 -0.00343521 0.000645107 0.999994 -4.00299
-0.0311696 0.999514 0.000664894 -47.284 -0.999505 -0.0311665 -0.00431545 -0.849627 -0.00429263 -0.000799075 0.99999 -4.0048
-0.0320888 0.999485 -0.000728043 -46.769 -0.999478 -0.0320914 -0.00383165 -0.873243 -0.00385304 0.000604709 0.999992 -4.00386
-0.0313636 0.999477 -0.00786029 -46.2529 -0.999366 -0.0314908 -0.0166161 -0.896025 -0.0168549 0.00733417 0.999831 -4.00264
-0.0329329 0.99943 -0.00747687 -45.7368 -0.999399 -0.0330108 -0.0105394 -0.916095 -0.0107802 0.00712528 0.999917 -4.00389
-0.0333675 0.999342 -0.0142482 -45.2166 -0.999429 -0.0334397 -0.00485656 -0.934516 -0.00532982 0.014078 0.999887 -4.003
-0.0299242 0.99946 -0.0135724 -44.7124 -0.999549 -0.0298862 0.00299329 -0.948022 0.00258605 0.0136558 0.999903 -4.00088
-0.0597546 0.998213 0.00109138 -44.261 -0.99776 -0.0597604 0.0300556 -0.972486 0.0300671 0.000707025 0.999548 -4.00247
-0.128722 0.99168 0.00085928 -44.0891 -0.991434 -0.12871 0.0221738 -1.01649 0.0220999 0.00200234 0.999754 -4.00052
-0.18303 0.983096 0.00470835 -43.971 -0.9831 -0.183045 0.00284027 -1.05938 0.0036541 -0.00410893 0.999985 -4.00316
-0.258367 0.966022 0.00696393 -43.7868 -0.966039 -0.25833 -0.00579786 -1.12554 -0.00380187 -0.0082254 0.999959 -4.00935
-0.321127 0.947036 0.000199986 -43.7162 -0.946949 -0.321095 -0.0136368 -1.16911 -0.0128503 -0.00456852 0.999907 -4.00072
-0.371814 0.928293 -0.00518288 -43.6153 -0.928302 -0.371825 -0.00125214 -1.22832 -0.00308948 0.00434571 0.999986 -4.00417
-0.414931 0.909828 0.00678064 -43.4467 -0.90959 -0.414979 0.0209458 -1.32132 0.0218709 0.00252346 0.999758 -4.00313
-0.482621 0.875805 0.00654953 -43.3534 -0.875757 -0.482664 0.00923439 -1.39366 0.0112487 -0.00127908 0.999936 -4.00341
-0.553149 0.833011 0.010905 -43.2556 -0.833035 -0.553209 0.00336008 -1.4844 0.00883176 -0.00722567 0.999935 -4.00046
-0.615844 0.787862 0.00324079 -43.2194 -0.787864 -0.615822 -0.00574905 -1.55136 -0.00253371 -0.00609382 0.999978 -4.00621
-0.66839 0.743808 -0.00201957 -43.1529 -0.743799 -0.668393 -0.00375853 -1.6394 -0.00414549 -0.00101002 0.999991 -4.00244
-0.710871 0.703307 0.00461402 -43.0675 -0.703284 -0.710886 0.005764 -1.7484 0.0073339 0.000852497 0.999973 -3.9998
-0.759858 0.650035 0.00834949 -43.0101 -0.650004 -0.759904 0.00639227 -1.84928 0.0105 -0.000569978 0.999945 -3.99552
-0.812566 0.582776 0.0104272 -42.929 -0.582825 -0.812595 -0.00225375 -1.99952 0.00715962 -0.00790853 0.999943 -4.00202
-0.855695 0.517474 -0.00232712 -42.921 -0.51746 -0.855694 -0.00477902 -2.07097 -0.00446432 -0.00288519 0.999986 -3.99486
-0.885915 0.463828 -0.00429661 -42.9125 -0.463834 -0.885922 0.000590198 -2.14009 -0.00353271 0.00251578 0.999991 -3.99961
-0.889576 0.456612 0.0126367 -42.6717 -0.456599 -0.889663 0.00399971 -2.59848 0.0130687 -0.00221184 0.999912 -4.00579
-0.892513 0.450506 0.0215635 -42.4336 -0.450514 -0.892757 0.00473903 -3.06377 0.0213859 -0.005485 0.999756 -4.0063
-0.879108 0.476601 -0.00443441 -42.1906 -0.476566 -0.87911 -0.00712824 -3.52068 -0.00729566 -0.00415321 0.999965 -4.00421
-0.857333 0.514663 -0.0101575 -42.1227 -0.514676 -0.857384 -0.00150932 -3.6078 -0.00948568 0.00393384 0.999947 -4.00166
-0.836677 0.547599 0.010286 -41.8725 -0.54756 -0.836741 0.00657861 -3.97045 0.0122092 -0.000128028 0.999925 -4.00689
-0.804869 0.593278 0.0144002 -41.7319 -0.593299 -0.804975 0.00322269 -4.14375 0.0135038 -0.0059498 0.999891 -4.00986
-0.763667 0.645567 0.00744271 -41.6494 -0.645585 -0.763688 5.31406e-05 -4.22455 0.00571822 -0.00476432 0.999972 -4.00568
-0.695379 0.718492 0.0147546 -41.5519 -0.718451 -0.695521 0.00885207 -4.27581 0.0166223 -0.00444494 0.999852 -4.00606
-0.647044 0.76236 0.0118423 -41.4898 -0.762245 -0.647153 0.0132659 -4.29053 0.0177771 -0.000443121 0.999842 -4.01156
-0.588813 0.808235 0.00744215 -41.4189 -0.808218 -0.588854 0.00584817 -4.316 0.00910904 -0.0025714 0.999955 -4.0104
-0.528406 0.848894 0.0128555 -41.3535 -0.84893 -0.528489 0.00401934 -4.32171 0.010206 -0.00878958 0.999909 -4.01414
-0.458761 0.888471 0.0126034 -41.2974 -0.888347 -0.458915 0.0153916 -4.30941 0.0194589 -0.00413514 0.999802 -4.00853
-0.394812 0.918722 0.00861016 -41.2117 -0.918627 -0.394897 0.0134217 -4.31226 0.015731 -0.00261046 0.999873 -4.01685
-0.334168 0.942478 0.00815238 -41.1411 -0.942512 -0.33417 -0.00108649 -4.321 0.00170029 -0.00804679 0.999966 -4.01469
-0.2713 0.962443 0.0100213 -41.0777 -0.96249 -0.271318 0.000495345 -4.31654 0.0031957 -0.00951101 0.99995 -4.0155
-0.174682 0.984565 0.0108424 -41.0075 -0.984533 -0.174806 0.0117624 -4.28889 0.0134761 -0.00862002 0.999872 -4.01437
-0.114333 0.99342 0.00666223 -40.935 -0.993305 -0.114426 0.0158893 -4.27046 0.0165471 -0.00480095 0.999852 -4.02111
-0.104949 0.99445 0.00745725 -40.4184 -0.994398 -0.105033 0.0118988 -4.32535 0.012616 -0.0061667 0.999901 -4.02206
-0.0661555 0.997689 0.01549 -40.0358 -0.997704 -0.0659146 -0.0155797 -4.35979 -0.0145227 -0.0164851 0.999759 -4.02466
-0.0319397 0.999384 0.0145141 -39.6615 -0.999471 -0.0320259 0.00574532 -4.3527 0.00620661 -0.0143229 0.999878 -4.02775
-0.0423385 0.999011 0.0135688 -39.1021 -0.998636 -0.0427302 0.0300085 -4.37907 0.0305586 -0.0122798 0.999458 -4.03151
-0.0396131 0.999143 0.011972 -38.597 -0.99883 -0.0399276 0.0272825 -4.40077 0.0277372 -0.0108773 0.999556 -4.0372
-0.0393065 0.99922 0.00380711 -38.0564 -0.999012 -0.0393768 0.0205966 -4.42471 0.0207305 -0.00299376 0.999781 -4.03836
-0.0388419 0.999242 0.00256728 -37.5373 -0.999104 -0.0388794 0.0167026 -4.45136 0.0167898 -0.00191622 0.999857 -4.03908
-0.0340654 0.99941 0.00427961 -37.0248 -0.999227 -0.0341426 0.0194839 -4.46868 0.0196185 -0.00361258 0.999801 -4.04181
-0.0290276 0.999542 0.00859382 -36.4822 -0.999333 -0.02921 0.0219284 -4.48131 0.0221694 -0.00795156 0.999723 -4.04669
-0.023969 0.999703 0.00434972 -35.9528 -0.999374 -0.0240738 0.0259053 -4.49713 0.0260023 -0.00372608 0.999655 -4.05029
-0.0233157 0.999728 -1.59544e-05 -35.4295 -0.999431 -0.0233084 0.0243887 -4.51377 0.0243817 0.000584586 0.999703 -4.05242
-0.0187664 0.999822 0.00183495 -34.9082 -0.999559 -0.0188036 0.0229858 -4.52344 0.0230163 -0.00140278 0.999734 -4.05262
-0.0115444 0.999931 -0.0020305 -34.4693 -0.99962 -0.01149 0.0250623 -4.53055 0.0250373 0.00231906 0.999684 -4.05415
-0.0179127 0.999837 0.00208409 -34.1359 -0.999625 -0.017952 0.0206848 -4.54015 0.0207189 -0.00171279 0.999784 -4.0579
-0.013768 0.999884 -0.00651587 -33.6341 -0.9998 -0.0136719 0.014578 -4.55065 0.0144873 0.00671527 0.999873 -4.05997
-0.0225499 0.999698 -0.0097197 -33.1192 -0.999131 -0.022194 0.0352934 -4.56259 0.035067 0.0105071 0.99933 -4.05613
-0.0218426 0.999715 -0.00958841 -32.6091 -0.999239 -0.0215203 0.0325211 -4.57606 0.0323055 0.0102915 0.999425 -4.05479
-0.0163702 0.999854 0.00487901 -32.0936 -0.999693 -0.016458 0.0185303 -4.5882 0.0186079 -0.00457416 0.999816 -4.06065
-0.0215143 0.999751 0.00596814 -31.5878 -0.999646 -0.0216047 0.0155124 -4.59844 0.0156375 -0.00563229 0.999862 -4.06412
-0.0172468 0.999851 0.000984112 -31.072 -0.999684 -0.0172619 0.0182511 -4.60984 0.0182654 -0.000669028 0.999833 -4.06749
-0.0185596 0.999825 -0.00217761 -30.5679 -0.999491 -0.0184968 0.0259908 -4.62179 0.025946 0.00265888 0.99966 -4.07246
-0.0186252 0.999826 -0.00114949 -30.0624 -0.999394 -0.0185833 0.0294459 -4.63133 0.0294194 0.00169723 0.999566 -4.07271
-0.0221411 0.999748 -0.003652 -29.5553 -0.999049 -0.0219881 0.0376598 -4.64626 0.03757 0.00448235 0.999284 -4.0743
-0.0194164 0.999806 0.00342121 -29.0481 -0.999116 -0.0195303 0.0372151 -4.65495 0.0372747 -0.00269561 0.999301 -4.07819
-0.019974 0.9998 -0.00120076 -28.5209 -0.999194 -0.01992 0.0348603 -4.66704 0.0348294 0.00189609 0.999391 -4.07729
0.0146379 0.999886 -0.00365216 -28.1821 -0.999858 0.0146675 0.00823704 -4.66383 0.00828967 0.00353107 0.999959 -4.07978
0.0150316 0.999874 -0.00500404 -27.6672 -0.999472 0.0151693 0.0287259 -4.65748 0.0287982 0.0045696 0.999575 -4.08237
0.023009 0.999735 0.000840242 -27.1537 -0.998813 0.0229516 0.0429713 -4.64174 0.0429407 -0.00182797 0.999076 -4.08716
0.0268769 0.999634 -0.00311701 -26.6404 -0.998531 0.0269938 0.0469866 -4.62931 0.0470535 0.00184957 0.998891 -4.08948
0.0313215 0.999476 -0.00820051 -26.1014 -0.998432 0.0316675 0.0461556 -4.61361 0.0463911 0.00674199 0.998901 -4.09005
0.0326638 0.999451 -0.00548349 -25.5885 -0.998553 0.032868 0.0425632 -4.59763 0.0427201 0.00408528 0.999079 -4.09019
0.0341245 0.999415 -0.00221152 -25.0677 -0.998673 0.0341844 0.0385158 -4.58563 0.0385689 0.000894254 0.999256 -4.09153
0.0336296 0.999428 -0.00351252 -24.5664 -0.998794 0.0337337 0.0356817 -4.57385 0.0357798 0.00230832 0.999357 -4.09085
0.0355977 0.999366 0.000310801 -24.0514 -0.998678 0.0355617 0.0371197 -4.56084 0.0370851 -0.00163177 0.999311 -4.09421
0.101435 0.994837 -0.00326941 -23.8477 -0.994217 0.101487 0.0351195 -4.52253 0.0352699 -0.000311842 0.999378 -4.09178
0.178939 0.983858 0.00204967 -23.7301 -0.982912 0.178675 0.044253 -4.47099 0.0431725 -0.00993326 0.999018 -4.09785
0.270991 0.96258 0.0017105 -23.6477 -0.961584 0.270629 0.0459936 -4.41261 0.0438097 -0.0141086 0.99894 -4.1008
0.344173 0.938903 -0.00263503 -23.6034 -0.937807 0.343904 0.0474022 -4.36438 0.0454122 -0.0138434 0.998872 -4.11084
0.404974 0.9143 -0.00715163 -23.541 -0.91338 0.404898 0.0423618 -4.3045 0.0416271 -0.0106233 0.999077 -4.11217
0.495921 0.868362 -0.00307184 -23.4859 -0.86782 0.495731 0.0337514 -4.23987 0.0308313 -0.0140722 0.999426 -4.10763
0.564535 0.825397 -0.00440611 -23.4495 -0.824572 0.564195 0.0420121 -4.17857 0.0371625 -0.0200841 0.999107 -4.11736
0.613265 0.789813 -0.0100548 -23.4189 -0.789081 0.613169 0.0370807 -4.12123 0.0354521 -0.0148063 0.999262 -4.11345
0.697613 0.716457 -0.00508402 -23.3667 -0.71576 0.697215 0.0397392 -4.01909 0.0320161 -0.0240836 0.999197 -4.11874
0.732767 0.680297 -0.0157461 -23.3302 -0.679082 0.732549 0.0471233 -3.93852 0.0435926 -0.0238375 0.998765 -4.12236
0.75226 0.658852 -0.00423436 -22.9913 -0.65847 0.752016 0.0298082 -3.55482 0.0228235 -0.0196354 0.999547 -4.13244
0.798659 0.601781 0.00197266 -22.9612 -0.601598 0.798327 0.0274601 -3.47651 0.0149501 -0.023118 0.999621 -4.13195
0.829564 0.558344 -0.00875308 -22.9132 -0.557626 0.829126 0.0400445 -3.36822 0.029616 -0.0283385 0.99916 -4.13879
0.855857 0.517026 -0.0138883 -22.8627 -0.516402 0.85571 0.0330104 -3.23546 0.0289516 -0.0210803 0.999359 -4.14383
0.903492 0.428523 -0.00842616 -22.8529 -0.428129 0.903239 0.0294009 -3.14174 0.0202098 -0.022956 0.999532 -4.14431
0.922082 0.38638 -0.0218028 -22.8537 -0.385623 0.922094 0.0321988 -3.03321 0.0325452 -0.0212822 0.999244 -4.1564
0.944687 0.32733 0.0205342 -22.7907 -0.327854 0.944183 0.0320978 -2.87135 -0.00888143 -0.0370546 0.999274 -4.16523
0.968394 0.248485 0.0216285 -22.8054 -0.249099 0.967917 0.0329639 -2.80683 -0.0127436 -0.0373097 0.999222 -4.1641
0.978053 0.208266 -0.00612359 -22.7905 -0.207932 0.977516 0.035039 -2.6645 0.0132833 -0.0329968 0.999367 -4.17178
0.981407 0.191411 -0.0142002 -22.6938 -0.190742 0.980867 0.0389538 -2.15421 0.0213846 -0.035521 0.99914 -4.19146
0.980923 0.193336 -0.0202666 -22.5886 -0.19254 0.980636 0.0357845 -1.66037 0.0267926 -0.0311997 0.999154 -4.20746
0.9683 0.248569 -0.0246566 -22.4986 -0.247736 0.968282 0.0325179 -1.34408 0.0319575 -0.0253788 0.999167 -4.21575
0.94932 0.313582 -0.0214205 -22.456 -0.3128 0.949233 0.0333722 -1.27891 0.030798 -0.0249805 0.999213 -4.21364
0.922863 0.384794 -0.016057 -22.4001 -0.384139 0.922678 0.0332149 -1.21479 0.0275963 -0.0244847 0.999319 -4.2159
0.896432 0.44308 -0.00951732 -22.3475 -0.442487 0.896021 0.0367543 -1.16143 0.0248128 -0.0287364 0.999279 -4.21746
0.84853 0.529127 0.00467575 -22.2772 -0.529005 0.848063 0.0307044 -1.11163 0.0122812 -0.0285271 0.999518 -4.21529
0.807898 0.589323 -0.000403828 -22.2118 -0.589042 0.807533 0.0303281 -1.08107 0.0181991 -0.0242641 0.99954 -4.22015
0.772676 0.63474 -0.00879762 -22.1577 -0.634037 0.772351 0.0383524 -1.0333 0.0311386 -0.0240559 0.999226 -4.2225
0.708212 0.705925 -0.0103081 -22.0975 -0.705086 0.707962 0.0405481 -1.00576 0.0359217 -0.0214486 0.999124 -4.2167
0.642348 0.766398 -0.00479681 -22.0314 -0.765695 0.642005 0.0392437 -0.997531 0.0331559 -0.0215352 0.999218 -4.22216
0.534983 0.844861 -0.00185915 -21.9346 -0.844501 0.534817 0.0280946 -0.991688 0.0247303 -0.0134601 0.999604 -4.219
0.486793 0.873453 -0.0106145 -21.8916 -0.872674 0.486821 0.0380159 -0.980575 0.0383725 -0.00924291 0.999221 -4.21563
0.430079 0.90279 -0.00176137 -21.8393 -0.902147 0.429845 0.0369252 -0.977549 0.0340928 -0.0142917 0.999316 -4.22185
0.336127 0.941815 -0.00185945 -21.7741 -0.941171 0.335969 0.0363699 -0.990017 0.0348784 -0.0104748 0.999337 -4.21435
0.247082 0.968984 -0.00445293 -21.7073 -0.968313 0.247078 0.0363657 -1.00681 0.036338 -0.00467346 0.999329 -4.21742
0.188319 0.982089 -0.0060133 -21.6549 -0.981371 0.188412 0.0375674 -1.02238 0.0380275 -0.00117338 0.999276 -4.21338
0.111598 0.993731 -0.00666256 -21.5859 -0.992824 0.111781 0.0424998 -1.0457 0.0429781 0.00187185 0.999074 -4.21319
0.06519 0.997861 -0.0048768 -21.086 -0.997158 0.0653275 0.0375317 -1.02359 0.03777 0.00241624 0.999284 -4.21672
0.0484359 0.998823 -0.00268995 -20.5727 -0.998116 0.0485029 0.0375648 -1.00246 0.0376511 0.000865392 0.999291 -4.21928
0.0410245 0.999151 -0.00369483 -20.0673 -0.998491 0.0411319 0.0363746 -0.979789 0.0364957 0.00219701 0.999331 -4.21881
0.0377277 0.999275 -0.00513015 -19.5423 -0.998465 0.0379044 0.0403899 -0.962312 0.0405551 0.00359846 0.999171 -4.22035
0.0269427 0.999603 -0.0082677 -19.0284 -0.998636 0.0272848 0.0445157 -0.950508 0.0447236 0.00705705 0.998974 -4.21663
0.021912 0.999736 -0.00691105 -18.5281 -0.998573 0.0222222 0.0485623 -0.946003 0.0487031 0.00583709 0.998796 -4.21674
0.0184079 0.999827 -0.00278178 -18.0075 -0.998726 0.0185182 0.0469386 -0.944155 0.046982 0.0019142 0.998894 -4.21975
0.0107714 0.999912 -0.00771686 -17.4961 -0.998808 0.0111262 0.0475174 -0.943016 0.0475991 0.00719584 0.998841 -4.21445
0.0053846 0.999963 -0.00668007 -16.9753 -0.998733 0.00571194 0.0499906 -0.950925 0.0500269 0.00640243 0.998727 -4.21536
-0.00153622 0.99996 -0.00884784 -16.4651 -0.998751 -0.00109239 0.0499504 -0.955882 0.0499388 0.00891352 0.998713 -4.2141
-0.0106568 0.999881 -0.0111482 -15.9236 -0.998512 -0.0100445 0.0536017 -0.955059 0.0534834 0.0117028 0.9985 -4.2099
-0.0120854 0.999871 -0.0106083 -15.4179 -0.998341 -0.0114682 0.056428 -0.965072 0.056299 0.0112727 0.99835 -4.20924
-0.0158755 0.999842 -0.00793779 -14.9087 -0.99822 -0.0153923 0.0576268 -0.971841 0.0574956 0.00883851 0.998307 -4.20867
-0.0243066 0.999677 -0.00737937 -14.3974 -0.998341 -0.0238874 0.0523869 -0.984858 0.0521937 0.00864047 0.9986 -4.20646
-0.0283493 0.999595 -0.00260659 -13.8901 -0.998389 -0.0281866 0.0492507 -1.0004 0.0491573 0.00399861 0.998783 -4.20757
-0.0338603 0.999417 -0.00428635 -13.3729 -0.998169 -0.0336023 0.0502949 -1.01426 0.0501216 0.00598149 0.998725 -4.20845
-0.0429163 0.999034 -0.00941629 -12.8482 -0.99763 -0.0423448 0.0542303 -1.03797 0.0537792 0.0117213 0.998484 -4.20645
-0.0476149 0.99884 -0.00721119 -12.3464 -0.997289 -0.0471329 0.0565162 -1.0599 0.0561107 0.00988264 0.998376 -4.20574
-0.0536455 0.998539 -0.00646009 -11.8368 -0.997161 -0.0532269 0.0532658 -1.08986 0.0528441 0.00929922 0.998559 -4.20347
-0.00789046 0.999933 -0.00847415 -11.3288 -0.998011 -0.00734463 0.0626167 -1.09585 0.0625502 0.00895137 0.998002 -4.19844
0.00575969 0.999871 -0.0150247 -10.7978 -0.9984 0.00659519 0.0561653 -1.09626 0.0562571 0.0146772 0.998308 -4.19682
0.00853838 0.999889 -0.0122415 -10.2899 -0.998602 0.0091648 0.0520638 -1.09636 0.0521702 0.0117798 0.998569 -4.20004
0.0116241 0.99988 -0.0102511 -9.72964 -0.998563 0.0121439 0.0521962 -1.09226 0.0523144 0.00962967 0.998584 -4.19551
0.0127348 0.999902 -0.00582707 -9.22362 -0.998002 0.0130709 0.0618187 -1.07794 0.0618888 0.00502818 0.99807 -4.19436
0.0142164 0.999887 -0.00485456 -8.70039 -0.997894 0.014495 0.063229 -1.07074 0.0632923 0.00394544 0.997987 -4.19065
0.0155615 0.999879 -0.00052403 -8.14423 -0.998253 0.0155661 0.0569932 -1.06475 0.0569944 -0.000363787 0.998374 -4.19564
0.0164074 0.999864 -0.00176863 -7.64419 -0.998112 0.0164833 0.0591639 -1.05457 0.059185 0.000794563 0.998247 -4.18956
0.0175999 0.999814 -0.00791303 -7.13759 -0.998359 0.0180045 0.0543554 -1.04625 0.0544878 0.00694339 0.99849 -4.19032
0.0199825 0.999736 -0.0113569 -6.62915 -0.998394 0.0205554 0.0527902 -1.04131 0.0530097 0.0102838 0.998541 -4.19261
0.0205497 0.999668 -0.0155251 -6.08406 -0.998289 0.0213666 0.0544318 -1.03534 0.0547455 0.01438 0.998397 -4.19248
0.0219681 0.999699 -0.0109561 -5.56768 -0.998304 0.0225258 0.0536853 -1.02603 0.0539159 0.00975817 0.998498 -4.19221
0.0202658 0.999762 -0.00809562 -5.04517 -0.998497 0.0206512 0.0507646 -1.02074 0.0509197 0.00705467 0.998678 -4.19107
0.0193608 0.999784 -0.00751539 -4.50029 -0.998538 0.019715 0.05034 -1.00844 0.0504773 0.00652978 0.998704 -4.19073
0.0209728 0.999738 -0.0091657 -3.97722 -0.998345 0.0214329 0.0533687 -1.00144 0.0535511 0.00803123 0.998533 -4.18896
0.019175 0.999712 -0.0144185 -3.45462 -0.998118 0.0199805 0.0579695 -0.991318 0.0582409 0.0132798 0.998214 -4.18678
0.0150902 0.999845 -0.00902847 -2.93563 -0.998053 0.0156084 0.0603915 -0.981983 0.0605231 0.00809957 0.998134 -4.18854
0.0148928 0.999835 -0.0103904 -2.43535 -0.998048 0.0154948 0.0604905 -0.976689 0.0606416 0.00946923 0.998115 -4.1858
0.0139346 0.99982 -0.0128764 -1.92475 -0.99816 0.0146692 0.058834 -0.972802 0.0590123 0.0120329 0.998185 -4.18355
0.0123673 0.999873 -0.0100499 -1.40586 -0.998441 0.0128955 0.0543133 -0.958545 0.054436 0.00936249 0.998473 -4.18244
0.0407395 0.999124 -0.00961073 -0.965734 -0.998819 0.0409781 0.0260931 -0.952917 0.026464 0.00853636 0.999613 -4.18268
0.0966528 0.995294 -0.00700424 -0.810295 -0.994634 0.0968449 0.0363886 -0.921241 0.0368957 0.0034496 0.999313 -4.18424
0.1474 0.989061 -0.0056062 -0.638206 -0.987703 0.147491 0.0518504 -0.875824 0.0521101 -0.00210547 0.998639 -4.19022
0.15468 0.987898 -0.0115152 -0.142132 -0.985342 0.155107 0.071009 -0.792174 0.0719357 0.00036277 0.997409 -4.19553
0.138173 0.990401 -0.00386229 0.00350904 -0.988333 0.138134 0.0641578 -0.782129 0.0640754 -0.00504762 0.997932 -4.18896
