1 -0 0 0 0 1 -0 0 0 0 1 0
0.999999 -0.00145444 0 0.520833 0.00145444 0.999999 -0 -0.0125 0 0 1 -0.00865377
0.999996 -0.00290888 0 1.04167 0.00290888 0.999996 -0 -0.025 0 0 1 -0.0173496
0.99999 -0.00436331 0 1.5625 0.00436331 0.99999 -0 -0.0375 0 0 1 -0.0261294
0.999983 -0.00581773 0 2.08333 0.00581773 0.999983 -0 -0.05 0 0 1 -0.0350352
0.999974 -0.00727214 0 2.60417 0.00727214 0.999974 -0 -0.0625 0 0 1 -0.0441088
0.999962 -0.00872654 0 3.125 0.00872654 0.999962 -0 -0.075 0 0 1 -0.0533916
0.999948 -0.0101809 0 3.64583 0.0101809 0.999948 -0 -0.0875 0 0 1 -0.0629252
0.999932 -0.0116353 0 4.16667 0.0116353 0.999932 -0 -0.1 0 0 1 -0.0727505
0.999914 -0.0130896 0 4.6875 0.0130896 0.999914 -0 -0.1125 0 0 1 -0.0829084
0.999894 -0.0145439 0 5.20833 0.0145439 0.999894 -0 -0.125 0 0 1 -0.0934393
0.999872 -0.0159982 0 5.72917 0.0159982 0.999872 -0 -0.1375 0 0 1 -0.104383
0.999848 -0.0174524 0 6.25 0.0174524 0.999848 -0 -0.15 0 0 1 -0.11578
0.999821 -0.0189066 0 6.77083 0.0189066 0.999821 -0 -0.1625 0 0 1 -0.127668
0.999793 -0.0203608 0 7.29167 0.0203608 0.999793 -0 -0.175 0 0 1 -0.140087
0.999762 -0.0218149 0 7.8125 0.0218149 0.999762 -0 -0.1875 0 0 1 -0.153074
0.999729 -0.023269 0 8.33333 0.023269 0.999729 -0 -0.2 0 0 1 -0.166667
0.999694 -0.024723 0 8.85417 0.024723 0.999694 -0 -0.2125 0 0 1 -0.180902
0.999657 -0.0261769 0 9.375 0.0261769 0.999657 -0 -0.225 0 0 1 -0.195816
0.999618 -0.0276309 0 9.89583 0.0276309 0.999618 -0 -0.2375 0 0 1 -0.211443
0.999577 -0.0290847 0 10.4167 0.0290847 0.999577 -0 -0.25 0 0 1 -0.22782
0.999534 -0.0305385 0 10.9375 0.0305385 0.999534 -0 -0.2625 0 0 1 -0.244978
0.999488 -0.0319922 0 11.4583 0.0319922 0.999488 -0 -0.275 0 0 1 -0.262952
0.999441 -0.0334459 0 11.9792 0.0334459 0.999441 -0 -0.2875 0 0 1 -0.281773
-0.0348995 -0.999391 0 12.5 0.999391 -0.0348995 0 -0.3 0 0 1 -0.301472
-0.036353 -0.999339 0 12.5208 0.999339 -0.036353 0 0.1875 0 0 1 -0.32208
-0.0378065 -0.999285 0 12.5417 0.999285 -0.0378065 0 0.675 0 0 1 -0.343626
-0.0392598 -0.999229 0 12.5625 0.999229 -0.0392598 0 1.1625 0 0 1 -0.366137
-0.0407131 -0.999171 0 12.5833 0.999171 -0.0407131 0 1.65 0 0 1 -0.389643
-0.0421663 -0.999111 0 12.6042 0.999111 -0.0421663 0 2.1375 0 0 1 -0.414167
-0.0436194 -0.999048 0 12.625 0.999048 -0.0436194 0 2.625 0 0 1 -0.439736
-0.0450724 -0.998984 0 12.6458 0.998984 -0.0450724 0 3.1125 0 0 1 -0.466374
-0.0465253 -0.998917 0 12.6667 0.998917 -0.0465253 0 3.6 0 0 1 -0.494103
-0.0479781 -0.998848 0 12.6875 0.998848 -0.0479781 0 4.0875 0 0 1 -0.522944
-0.0494308 -0.998778 0 12.7083 0.998778 -0.0494308 0 4.575 0 0 1 -0.552919
-0.0508835 -0.998705 0 12.7292 0.998705 -0.0508835 0 5.0625 0 0 1 -0.584047
-0.052336 -0.99863 0 12.75 0.99863 -0.052336 0 5.55 0 0 1 -0.616345
-0.0537883 -0.998552 0 12.7708 0.998552 -0.0537883 0 6.0375 0 0 1 -0.64983
-0.0552406 -0.998473 0 12.7917 0.998473 -0.0552406 0 6.525 0 0 1 -0.684517
-0.0566928 -0.998392 0 12.8125 0.998392 -0.0566928 0 7.0125 0 0 1 -0.720422
-0.0581448 -0.998308 0 12.8333 0.998308 -0.0581448 0 7.5 0 0 1 -0.757556
-0.0595967 -0.998223 0 12.8542 0.998223 -0.0595967 0 7.9875 0 0 1 -0.795931
-0.0610485 -0.998135 0 12.875 0.998135 -0.0610485 0 8.475 0 0 1 -0.835558
-0.0625002 -0.998045 0 12.8958 0.998045 -0.0625002 0 8.9625 0 0 1 -0.876445
-0.0639517 -0.997953 0 12.9167 0.997953 -0.0639517 0 9.45 0 0 1 -0.918599
-0.0654031 -0.997859 0 12.9375 0.997859 -0.0654031 0 9.9375 0 0 1 -0.962028
-0.0668544 -0.997763 0 12.9583 0.997763 -0.0668544 0 10.425 0 0 1 -1.00674
-0.0683055 -0.997664 0 12.9792 0.997664 -0.0683055 0 10.9125 0 0 1 -1.05273
-0.997564 0.0697565 0 13 -0.0697565 -0.997564 0 11.4 0 0 1 -1.1
-0.997462 0.0712073 0 12.5208 -0.0712073 -0.997462 0 11.3875 0 0 1 -1.14856
-0.997357 0.072658 0 12.0417 -0.072658 -0.997357 0 11.375 0 0 1 -1.1984
-0.99725 0.0741085 0 11.5625 -0.0741085 -0.99725 0 11.3625 0 0 1 -1.24953
-0.997141 0.0755589 0 11.0833 -0.0755589 -0.997141 0 11.35 0 0 1 -1.30193
-0.99703 0.0770091 0 10.6042 -0.0770091 -0.99703 0 11.3375 0 0 1 -1.35561
-0.996917 0.0784591 0 10.125 -0.0784591 -0.996917 0 11.325 0 0 1 -1.41056
-0.996802 0.079909 0 9.64583 -0.079909 -0.996802 0 11.3125 0 0 1 -1.46676
-0.996685 0.0813587 0 9.16667 -0.0813587 -0.996685 0 11.3 0 0 1 -1.52422
-0.996566 0.0828082 0 8.6875 -0.0828082 -0.996566 0 11.2875 0 0 1 -1.58292
-0.996444 0.0842576 0 8.20833 -0.0842576 -0.996444 0 11.275 0 0 1 -1.64285
-0.99632 0.0857067 0 7.72917 -0.0857067 -0.99632 0 11.2625 0 0 1 -1.704
-0.996195 0.0871557 0 7.25 -0.0871557 -0.996195 0 11.25 0 0 1 -1.76634
-0.996067 0.0886046 0 6.77083 -0.0886046 -0.996067 0 11.2375 0 0 1 -1.82988
-0.995937 0.0900532 0 6.29167 -0.0900532 -0.995937 0 11.225 0 0 1 -1.89459
-0.995805 0.0915016 0 5.8125 -0.0915016 -0.995805 0 11.2125 0 0 1 -1.96044
-0.995671 0.0929499 0 5.33333 -0.0929499 -0.995671 0 11.2 0 0 1 -2.02744
-0.995535 0.0943979 0 4.85417 -0.0943979 -0.995535 0 11.1875 0 0 1 -2.09554
-0.995396 0.0958458 0 4.375 -0.0958458 -0.995396 0 11.175 0 0 1 -2.16474
-0.995256 0.0972934 0 3.89583 -0.0972934 -0.995256 0 11.1625 0 0 1 -2.235
-0.995113 0.0987408 0 3.41667 -0.0987408 -0.995113 0 11.15 0 0 1 -2.30631
-0.994969 0.100188 0 2.9375 -0.100188 -0.994969 0 11.1375 0 0 1 -2.37864
-0.994822 0.101635 0 2.45833 -0.101635 -0.994822 0 11.125 0 0 1 -2.45196
-0.994673 0.103082 0 1.97917 -0.103082 -0.994673 0 11.1125 0 0 1 -2.52625
0.104528 0.994522 0 1.5 -0.994522 0.104528 -0 11.1 -0 0 1 -2.60147
0.105975 0.994369 0 1.52083 -0.994369 0.105975 -0 10.5875 -0 0 1 -2.67761
0.107421 0.994214 0 1.54167 -0.994214 0.107421 -0 10.075 -0 0 1 -2.75462
0.108867 0.994056 0 1.5625 -0.994056 0.108867 -0 9.5625 -0 0 1 -2.83248
0.110313 0.993897 0 1.58333 -0.993897 0.110313 -0 9.05 -0 0 1 -2.91115
0.111758 0.993735 0 1.60417 -0.993735 0.111758 -0 8.5375 -0 0 1 -2.99061
0.113203 0.993572 0 1.625 -0.993572 0.113203 -0 8.025 -0 0 1 -3.07082
0.114648 0.993406 0 1.64583 -0.993406 0.114648 -0 7.5125 -0 0 1 -3.15174
0.116093 0.993238 0 1.66667 -0.993238 0.116093 -0 7 -0 0 1 -3.23333
0.117537 0.993068 0 1.6875 -0.993068 0.117537 -0 6.4875 -0 0 1 -3.31557
0.118982 0.992896 0 1.70833 -0.992896 0.118982 -0 5.975 -0 0 1 -3.39842
0.120426 0.992722 0 1.72917 -0.992722 0.120426 -0 5.4625 -0 0 1 -3.48183
0.121869 0.992546 0 1.75 -0.992546 0.121869 -0 4.95 -0 0 1 -3.56578
0.123313 0.992368 0 1.77083 -0.992368 0.123313 -0 4.4375 -0 0 1 -3.65022
0.124756 0.992187 0 1.79167 -0.992187 0.124756 -0 3.925 -0 0 1 -3.73511
0.126199 0.992005 0 1.8125 -0.992005 0.126199 -0 3.4125 -0 0 1 -3.82041
0.127642 0.99182 0 1.83333 -0.99182 0.127642 -0 2.9 -0 0 1 -3.90608
0.129084 0.991634 0 1.85417 -0.991634 0.129084 -0 2.3875 -0 0 1 -3.99209
0.130526 0.991445 0 1.875 -0.991445 0.130526 -0 1.875 -0 0 1 -4.07839
0.131968 0.991254 0 1.89583 -0.991254 0.131968 -0 1.3625 -0 0 1 -4.16494
0.13341 0.991061 0 1.91667 -0.991061 0.13341 -0 0.85 -0 0 1 -4.2517
0.134851 0.990866 0 1.9375 -0.990866 0.134851 -0 0.3375 -0 0 1 -4.33863
0.136292 0.990669 0 1.95833 -0.990669 0.136292 -0 -0.175 -0 0 1 -4.42568
0.137733 0.990469 0 1.97917 -0.990469 0.137733 -0 -0.6875 -0 0 1 -4.51282
0.990268 -0.139173 0 2 0.139173 0.990268 -0 -1.2 0 0 1 -4.6
