1 1.49676e-21 -6.47593e-22 4.72896e-24 -1.49676e-21 1 -2.8293e-21 2.24412e-23 6.47593e-22 2.8293e-21 1 5.09991e-22
0.999999 -0.00145444 -3.81996e-18 0.520833 0.00145444 0.999999 -2.83576e-17 -0.0125 3.8612e-18 2.8352e-17 1 -0.00865377
0.999996 -0.00290888 -4.98267e-18 1.04167 0.00290888 0.999996 -5.67741e-17 -0.025 5.14779e-18 5.67594e-17 1 -0.0173496
0.99999 -0.00436331 -3.48875e-18 1.5625 0.00436331 0.99999 -8.52525e-17 -0.0375 3.8607e-18 8.52364e-17 1 -0.0261294
0.999983 -0.00581773 6.6179e-19 2.08333 0.00581773 0.999983 -1.13793e-16 -0.05 2.36092e-22 1.13794e-16 1 -0.0350352
0.999959 -0.00828135 -0.00358734 2.60158 0.00826357 0.999954 -0.00494196 -0.0615871 0.0036281 0.00491211 0.999981 -0.0364342
0.99992 -0.0107118 -0.0067248 3.11989 0.0106449 0.999894 -0.00989683 -0.0725857 0.0068301 0.00982445 0.999928 -0.0362328
0.99987 -0.0131021 -0.00941472 3.63822 0.0129613 0.999806 -0.0148628 -0.0830629 0.00960762 0.0147388 0.999845 -0.034703
0.999813 -0.0154497 -0.0116564 4.15658 0.0152165 0.999687 -0.019839 -0.0930476 0.0119593 0.0196579 0.999735 -0.0321143
0.999752 -0.0177508 -0.0134501 4.67494 0.017413 0.99954 -0.0248243 -0.102568 0.0138846 0.0245839 0.999601 -0.0287361
0.999691 -0.0199935 -0.0147998 5.19335 0.0195455 0.999364 -0.0298165 -0.111591 0.0153865 0.029518 0.999446 -0.0248378
0.999631 -0.0221715 -0.0157076 5.71178 0.021614 0.99916 -0.0348153 -0.120202 0.0164664 0.0344629 0.99927 -0.0206826
0.999574 -0.0242865 -0.0161704 6.23023 0.0236266 0.998927 -0.0398201 -0.128419 0.0171202 0.0394211 0.999076 -0.016542
0.999522 -0.026334 -0.0161889 6.74869 0.0255854 0.998667 -0.0448303 -0.136265 0.0173478 0.0443947 0.998863 -0.0126842
0.999475 -0.0283095 -0.0157637 7.26717 0.0274923 0.998379 -0.0498451 -0.143761 0.0171493 0.0493855 0.998633 -0.00937717
0.999433 -0.0302087 -0.014896 7.78565 0.0293495 0.998062 -0.0548638 -0.150924 0.0165245 0.0543954 0.998383 -0.00688812
0.999395 -0.032027 -0.0135867 8.30414 0.0311591 0.997719 -0.0598857 -0.157772 0.0154737 0.0594261 0.998113 -0.00548368
0.99936 -0.03376 -0.0118371 8.82263 0.0329232 0.997348 -0.0649103 -0.16432 0.013997 0.0644791 0.997821 -0.00542975
0.999327 -0.0354032 -0.00964821 9.34112 0.0346438 0.99695 -0.0699371 -0.170583 0.0120948 0.0695557 0.997505 -0.00699135
0.999292 -0.0369522 -0.00702161 9.85959 0.0363231 0.996524 -0.0749655 -0.176572 0.00976735 0.0746574 0.997161 -0.0104325
0.999255 -0.0384025 -0.00395876 10.378 0.0379633 0.996072 -0.0799951 -0.182297 0.00701522 0.0797851 0.996787 -0.0160164
0.99921 -0.0397496 -0.000461323 10.8964 0.0395665 0.995593 -0.0850254 -0.187769 0.00383901 0.0849399 0.996379 -0.0240046
0.999154 -0.0409889 0.00346889 11.4148 0.0411347 0.995087 -0.090056 -0.192993 0.000239442 0.0901224 0.995931 -0.0346578
0.999082 -0.0421158 0.00782992 11.9331 0.0426702 0.994554 -0.0950865 -0.197976 -0.00378263 0.0953333 0.995438 -0.048235
-0.0431259 -0.99899 0.0126196 12.4512 0.993995 -0.044175 -0.100117 -0.202721 0.100573 0.0082262 0.994896 -0.0649938
-0.0439697 -0.998881 0.0174148 12.4652 0.993456 -0.0455568 -0.104735 0.285503 0.105411 0.0126957 0.994348 -0.0292113
-0.0446488 -0.998756 0.0222146 12.4793 0.992945 -0.0468122 -0.108944 0.773685 0.109848 0.0171937 0.9938 0.00781989
-0.0451651 -0.998614 0.0270185 12.4937 0.992467 -0.0479375 -0.112744 1.26184 0.113883 0.0217228 0.993257 0.0458695
-0.0455205 -0.998456 0.0318259 12.5085 0.992027 -0.0489293 -0.116139 1.74997 0.117517 0.0262854 0.992723 0.084708
-0.0457166 -0.998282 0.0366367 12.5236 0.99163 -0.049784 -0.11913 2.23811 0.12075 0.0308838 0.992202 0.124107
-0.0457554 -0.998092 0.0414507 12.5391 0.991279 -0.050498 -0.121719 2.72625 0.12358 0.0355199 0.991699 0.163838
-0.0456384 -0.997886 0.046268 12.5552 0.990979 -0.0510676 -0.123908 3.21443 0.126009 0.0401956 0.991214 0.203674
-0.0453622 -0.997664 0.0510831 12.5718 0.990732 -0.0514832 -0.1257 3.70266 0.128036 0.0449076 0.990752 0.243368
-0.044929 -0.997425 0.0558989 12.5891 0.99054 -0.0517419 -0.127099 4.19096 0.129664 0.0496596 0.990314 0.282736
-0.0443453 -0.997169 0.0607192 12.607 0.990405 -0.0518449 -0.128103 4.67934 0.130888 0.0544558 0.9899 0.321536
-0.0436128 -0.996896 0.0655448 12.6258 0.990329 -0.0517883 -0.128714 5.1678 0.131709 0.0592973 0.989513 0.359544
-0.0427332 -0.996605 0.0703766 12.6454 0.990312 -0.0515682 -0.128933 5.65636 0.132125 0.064185 0.989153 0.396536
-0.0417084 -0.996295 0.0752157 12.6658 0.990354 -0.0511806 -0.128763 6.14503 0.132135 0.0691197 0.988819 0.432291
-0.04054 -0.995965 0.0800634 12.6872 0.990455 -0.0506216 -0.128203 6.63382 0.131738 0.0741019 0.988511 0.466586
-0.0392298 -0.995615 0.0849211 12.7096 0.990615 -0.049887 -0.127256 7.12273 0.130934 0.0791318 0.988228 0.499201
-0.0377796 -0.995244 0.0897901 12.7331 0.990831 -0.0489727 -0.125922 7.61178 0.129721 0.0842095 0.987968 0.529915
-0.0361912 -0.99485 0.0946723 12.7576 0.991101 -0.0478744 -0.124204 8.10095 0.128097 0.0893347 0.98773 0.55851
-0.0344664 -0.994434 0.0995694 12.7833 0.991423 -0.0465878 -0.122103 8.59025 0.126062 0.094507 0.98751 0.584765
-0.0326071 -0.993992 0.104483 12.8102 0.991795 -0.0451087 -0.119619 9.07967 0.123613 0.0997256 0.987307 0.608462
-0.0306151 -0.993524 0.109416 12.8383 0.992211 -0.0434326 -0.116753 9.56921 0.120749 0.104989 0.987115 0.629385
-0.0284923 -0.99303 0.11437 12.8677 0.992668 -0.041555 -0.113508 10.0588 0.11747 0.110297 0.986932 0.647316
-0.0262408 -0.992506 0.119347 12.8985 0.99316 -0.0394715 -0.109884 10.5486 0.113772 0.115647 0.986753 0.662039
-0.0238624 -0.991951 0.12435 12.9307 0.993683 -0.0371775 -0.105883 11.0383 0.109654 0.121038 0.986573 0.673339
-0.991365 0.0213593 0.129381 12.9643 -0.0346684 -0.994231 -0.101506 11.5281 0.126466 -0.105115 0.986386 0.681001
-0.990796 0.0189673 0.134029 12.4803 -0.0321827 -0.994751 -0.0971334 11.5382 0.131484 -0.100553 0.986205 0.70354
-0.99025 0.0166822 0.138296 11.9961 -0.0297214 -0.995245 -0.0927628 11.5501 0.13609 -0.0959688 0.986037 0.727194
-0.989735 0.0145002 0.142179 11.512 -0.0272855 -0.995712 -0.088391 11.5637 0.140288 -0.0913631 0.985886 0.751762
-0.989254 0.0124173 0.145681 11.0277 -0.0248762 -0.996154 -0.0840149 11.5792 0.144077 -0.086736 0.985758 0.777044
-0.988812 0.0104295 0.148799 10.5435 -0.0224945 -0.996571 -0.0796315 11.5963 0.147458 -0.0820878 0.985656 0.80284
-0.988415 0.00853274 0.151535 10.0591 -0.0201413 -0.996962 -0.0752378 11.6152 0.150432 -0.0774183 0.985584 0.828952
-0.988066 0.00672304 0.153887 9.57466 -0.0178177 -0.997329 -0.070831 11.6357 0.153 -0.0727276 0.985546 0.855185
-0.987767 0.00499637 0.155856 9.09015 -0.0155248 -0.997672 -0.0664082 11.658 0.155162 -0.0680154 0.985545 0.881344
-0.987523 0.00334868 0.157441 8.60555 -0.0132635 -0.99799 -0.0619664 11.6818 0.156917 -0.0632815 0.985582 0.907234
-0.987335 0.00177592 0.158642 8.12086 -0.011035 -0.998284 -0.0575029 11.7072 0.158268 -0.0585253 0.98566 0.932663
-0.987205 0.000274014 0.159458 7.63609 -0.00884039 -0.998555 -0.053015 11.7343 0.159213 -0.0537463 0.98578 0.95744
-0.987135 -0.00116114 0.159888 7.15121 -0.00668073 -0.998801 -0.0484999 11.7628 0.159752 -0.0489441 0.985943 0.981374
-0.987125 -0.00253367 0.159931 6.66624 -0.00455724 -0.999023 -0.043955 11.7929 0.159886 -0.0441179 0.986149 1.00428
-0.987176 -0.00384771 0.159587 6.18117 -0.00247111 -0.999221 -0.0393775 11.8244 0.159614 -0.0392669 0.986398 1.02596
-0.987289 -0.00510744 0.158854 5.696 -0.000423613 -0.999395 -0.0347651 11.8574 0.158936 -0.0343905 0.98669 1.04623
-0.987462 -0.00631706 0.157732 5.21073 0.00158393 -0.999545 -0.0301151 11.8919 0.157851 -0.0294876 0.987023 1.06491
-0.987694 -0.00748081 0.156219 4.72537 0.00355016 -0.99967 -0.025425 11.9276 0.156358 -0.0245575 0.987395 1.08181
-0.987984 -0.00860297 0.154315 4.23992 0.00547361 -0.999771 -0.0206925 11.9648 0.154457 -0.0195992 0.987805 1.09675
-0.98833 -0.00968785 0.152016 3.7544 0.00735278 -0.999846 -0.0159152 12.0032 0.152147 -0.0146118 0.98825 1.10953
-0.98873 -0.0107398 0.149324 3.2688 0.00918609 -0.999896 -0.0110909 12.043 0.149427 -0.0095942 0.988726 1.11999
-0.98918 -0.0117633 0.146234 2.78314 0.0109719 -0.99992 -0.00621724 12.084 0.146296 -0.0045455 0.98923 1.12793
-0.989677 -0.0127627 0.142748 2.29745 0.0127084 -0.999918 -0.00129212 12.1261 0.142752 0.000535309 0.989758 1.13317
-0.990216 -0.0137425 0.138861 1.81173 0.0143937 -0.99989 0.00368655 12.1695 0.138795 0.00564922 0.990305 1.13554
-0.0147074 0.990794 0.134574 1.32601 -0.999834 -0.0160261 0.00872079 12.2139 0.0107972 -0.134423 0.990865 1.13485
-0.0155423 0.991362 0.130233 1.27314 -0.999759 -0.0174293 0.0133621 11.7029 0.0155165 -0.129994 0.991393 1.07704
-0.0162457 0.991918 0.125836 1.2193 -0.999672 -0.0186065 0.0176084 11.1917 0.0198074 -0.125508 0.991895 1.02068
-0.0168162 0.992464 0.12138 1.16457 -0.999578 -0.019561 0.0214576 10.6803 0.0236702 -0.120968 0.992374 0.965586
-0.0172521 0.992998 0.116863 1.10904 -0.999484 -0.0202961 0.0249077 10.1687 0.0271052 -0.116373 0.992836 0.911552
-0.017552 0.993521 0.112283 1.0528 -0.999392 -0.0208153 0.027957 9.65694 0.030113 -0.111724 0.993283 0.858387
-0.0177141 0.994032 0.107637 0.99593 -0.999308 -0.0211219 0.0306033 9.14507 0.0326942 -0.107021 0.993719 0.805897
-0.0177367 0.994531 0.102926 0.938513 -0.999235 -0.0212198 0.0328451 8.6331 0.0348495 -0.102264 0.994147 0.753888
-0.0176181 0.995016 0.0981453 0.880639 -0.999175 -0.0211125 0.0346803 8.12103 0.0365796 -0.0974534 0.994568 0.70217
-0.0173565 0.995487 0.0932955 0.822395 -0.999131 -0.0208039 0.0361072 7.60889 0.0378852 -0.0925878 0.994984 0.650551
-0.0169499 0.995943 0.0883749 0.76387 -0.999105 -0.0202979 0.037124 7.0967 0.0387672 -0.0876665 0.995395 0.59884
-0.0163963 0.996383 0.0833826 0.705152 -0.999096 -0.0195983 0.0377289 6.58447 0.0392266 -0.0826886 0.995803 0.546848
-0.0156938 0.996805 0.0783179 0.646333 -0.999106 -0.0187094 0.0379201 6.07222 0.0392642 -0.0776527 0.996207 0.494388
-0.0148402 0.997208 0.0731802 0.587502 -0.999134 -0.0176352 0.0376958 5.55997 0.0388811 -0.0725574 0.996606 0.441272
-0.0138334 0.997592 0.0679693 0.528751 -0.999179 -0.01638 0.0370542 5.04774 0.0380783 -0.0674009 0.996999 0.387314
-0.012671 0.997953 0.0626851 0.470172 -0.99924 -0.0149482 0.0359937 4.53555 0.0368571 -0.0621814 0.997384 0.332328
-0.0113508 0.998291 0.0573278 0.411859 -0.999315 -0.0133444 0.0345124 4.02342 0.0352184 -0.0568968 0.997759 0.276132
-0.00987051 0.998604 0.0518977 0.353904 -0.999401 -0.0115731 0.0326086 3.51137 0.0331637 -0.0515448 0.99812 0.218541
-0.00822754 0.998889 0.0463956 0.296402 -0.999495 -0.00963898 0.0302807 2.99943 0.0306943 -0.046123 0.998464 0.159375
-0.00641947 0.999146 0.0408222 0.239449 -0.999593 -0.00754701 0.0275269 2.48762 0.0278115 -0.0406289 0.998787 0.0984525
-0.00444373 0.999371 0.0351788 0.18314 -0.99969 -0.00530214 0.0243457 1.97598 0.024517 -0.0350597 0.999084 0.0355946
-0.00229864 0.999563 0.0294695 0.12753 -0.999781 -0.00291047 0.0207355 1.46449 0.0208122 -0.0294154 0.999351 -0.0293964
2.04348e-05 0.999719 0.0236932 0.072769 -0.999861 -0.000375214 0.0166943 0.953242 0.0166985 -0.0236902 0.99958 -0.0966652
0.00147447 0.999718 0.0236932 0.021518 -0.99986 0.00107902 0.0166943 0.44132 0.016664 -0.0237145 0.99958 -0.174075
0.999715 -0.0029285 0.0236932 -0.029734 0.00253326 0.999857 0.0166943 -0.0706033 -0.0237387 -0.0166295 0.99958 -0.251526
